0.0;0.3038861790460871;0.6961138209539128
0.0;0.42409914692245676;0.5759008530775434
0.0;0.27483618103409857;0.7251638189659013
0.0;0.0;1.0
0.0;0.5349823050811188;0.4650176949188813
0.0;0.0;1.0
0.0;0.0;1.0
0.0;0.0;1.0
0.0;0.0;1.0
0.0;0.0;1.0
0.0;0.0;1.0
0.0;0.7439244631773577;0.2560755368226423
0.0;0.776504178790651;0.22349582120934897
0.0;0.8120673243906598;0.1879326756093402
0.0;0.8751309237822901;0.12486907621770989
0.0;0.0;1.0
0.0;0.0;1.0
0.0;0.5;0.5
0.0;0.5;0.5
0.0;0.6786674245092478;0.3213325754907523
0.0;0.0;1.0
0.0;0.5249823991252079;0.4750176008747921
0.0;0.0;1.0
0.0;0.0;1.0
0.0;0.5736476715949919;0.4263523284050081
0.0;0.0;1.0
0.0;0.0;1.0
0.0;0.0;1.0
0.0;0.6755661438079954;0.3244338561920046
0.0;0.7028173208529728;0.2971826791470272
0.0;0.7318235769415702;0.26817642305842976
0.0;0.7730071303141323;0.2269928696858677
0.0;0.8195922370944978;0.1804077629055022
0.0;0.0;1.0
0.0;0.0;1.0
0.0;0.5;0.5
0.0;0.5238838093545716;0.4761161906454284
0.0;0.9996185187767386;3.814812232613439E-4
0.0;1.0;0.0
0.0;1.0;0.0
0.0;0.0;1.0
0.0;0.0;1.0
0.0;0.0;1.0
0.0;0.0;1.0
0.0;0.0;1.0
0.0;0.0;1.0
0.0;0.6419126645892861;0.3580873354107138
0.0;0.6660220107506019;0.3339779892493981
0.0;0.6920123564977493;0.3079876435022507
0.0;0.7324823155544857;0.26751768444551427
0.0;0.0;1.0
0.0;0.0;1.0
0.0;0.5;0.5
0.0;0.5;0.5
0.0;0.7129633285846735;0.28703667141532657
0.0;1.0;0.0
0.0;1.0;0.0
0.0;1.0;0.0
0.0;1.0;0.0
0.0;1.0;0.0
0.0;0.0;1.0
0.0;0.0;1.0
0.0;0.0;1.0
0.0;0.5906056868799416;0.40939431312005825
0.0;0.6110862236866957;0.38891377631330426
0.0;0.6328944653333899;0.36710553466661006
0.0;0.6606778845048914;0.33932211549510854
0.0;0.6942652663106302;0.3057347336893698
0.0;0.0;1.0
0.0;0.0;1.0
0.0;0.5;0.5
0.0;0.5582431955559749;0.44175680444402504
0.0;0.9998774730118276;1.2252698817234137E-4
0.0;1.0;0.0
0.0;1.0;0.0
0.0;1.0;0.0
0.0;1.0;0.0
0.0;1.0;0.0
0.0;1.0;0.0
0.0;1.0;0.0
0.0;0.0;1.0
0.0;0.5645306876416548;0.43546931235834513
0.0;0.5830911024260964;0.4169088975739036
0.0;0.6029128661945109;0.39708713380548905
0.0;0.6298552155811478;0.37014478441885224
0.0;0.0;1.0
0.0;0.0;1.0
0.0;0.5;0.5
0.0;0.5;0.5
0.0;0.747419504249851;0.25258049575014896
0.0;1.0;0.0
0.0;1.0;0.0
0.0;1.0;0.0
0.0;1.0;0.0
0.0;1.0;0.0
0.0;1.0;0.0
0.0;1.0;0.0
0.0;1.0;0.0
0.0;1.0;0.0
0.0;1.0;0.0
0.0;0.5575548884032375;0.4424451115967625
0.0;0.5767823579092083;0.4232176420907918
0.0;0.6023152375402161;0.39768476245978396
0.0;0.0;1.0
0.0;0.0;1.0
0.0;0.5;0.5
0.0;0.5949613065465204;0.40503869345347965
0.0;0.9999774940536515;2.2505946348521806E-5
0.0;1.0;0.0
0.0;1.0;0.0
0.0;1.0;0.0
0.0;1.0;0.0
0.0;1.0;0.0
0.0;1.0;0.0
0.0;1.0;0.0
0.0;1.0;0.0
0.0;1.0;0.0
0.0;1.0;0.0
0.0;1.0;0.0
0.0;1.0;0.0
0.0;0.0;1.0
0.0;0.0;1.0
0.0;1.0;0.0
0.0;0.5;0.5
0.0;0.7815358157064527;0.21846418429354728
0.0;1.0;0.0
0.0;1.0;0.0
0.0;1.0;0.0
0.0;1.0;0.0
0.0;1.0;0.0
0.0;1.0;0.0
0.0;1.0;0.0
0.0;1.0;0.0
0.0;1.0;0.0
0.0;1.0;0.0
0.0;1.0;0.0
0.0;1.0;0.0
0.0;1.0;0.0
0.0;1.0;0.0
0.0;1.0;0.0
0.0;0.5;0.5
0.0;0.6338964657595212;0.36610353424047876
0.0;1.0;0.0
0.0;1.0;0.0
0.0;1.0;0.0
0.0;1.0;0.0
0.0;1.0;0.0
0.0;1.0;0.0
0.0;1.0;0.0
0.0;1.0;0.0
0.0;1.0;0.0
0.0;1.0;0.0
0.0;1.0;0.0
0.0;1.0;0.0
0.0;1.0;0.0
0.0;1.0;0.0
0.0;1.0;0.0
0.0;1.0;0.0
0.0;1.0;0.0
0.0;1.0;0.0
0.0;1.0;0.0
0.0;1.0;0.0
0.0;1.0;0.0
0.0;1.0;0.0
0.0;1.0;0.0
0.0;1.0;0.0
0.0;1.0;0.0
0.0;1.0;0.0
0.0;1.0;0.0
0.0;1.0;0.0
0.0;1.0;0.0
0.0;1.0;0.0
0.0;1.0;0.0
0.0;1.0;0.0
0.0;1.0;0.0
0.0;1.0;0.0
0.0;1.0;0.0
0.0;1.0;0.0
0.0;1.0;0.0
0.0;1.0;0.0
0.0;1.0;0.0
0.0;1.0;0.0
0.0;1.0;0.0
0.0;1.0;0.0
0.0;1.0;0.0
0.0;1.0;0.0
0.0;1.0;0.0
0.0;1.0;0.0
0.0;1.0;0.0
0.0;1.0;0.0
0.0;1.0;0.0
0.0;1.0;0.0
0.0;1.0;0.0
0.0;1.0;0.0
0.0;1.0;0.0
0.0;1.0;0.0
0.0;1.0;0.0
0.0;1.0;0.0
0.0;1.0;0.0
0.0;1.0;0.0
0.0;1.0;0.0
0.0;1.0;0.0
0.0;1.0;0.0
0.0;1.0;0.0
0.0;1.0;0.0
0.0;1.0;0.0
0.0;1.0;0.0
0.0;1.0;0.0
0.0;1.0;0.0
0.0;1.0;0.0
0.0;1.0;0.0
0.0;1.0;0.0
0.0;1.0;0.0
0.0;1.0;0.0
0.0;1.0;0.0
0.0;1.0;0.0
0.0;1.0;0.0
0.0;1.0;0.0
0.0;1.0;0.0
0.0;1.0;0.0
0.0;1.0;0.0
0.0;1.0;0.0
0.0;1.0;0.0
0.0;1.0;0.0
0.0;1.0;0.0
0.0;1.0;0.0
0.0;1.0;0.0
0.0;1.0;0.0
0.0;1.0;0.0
0.0;1.0;0.0
0.0;1.0;0.0
0.0;1.0;0.0
0.0;1.0;0.0
0.0;1.0;0.0
0.0;1.0;0.0
0.0;1.0;0.0
0.0;1.0;0.0
0.0;1.0;0.0
0.0;1.0;0.0
0.0;1.0;0.0
0.0;1.0;0.0
0.0;1.0;0.0
0.0;1.0;0.0
0.0;1.0;0.0
0.0;1.0;0.0
0.0;1.0;0.0
0.0;1.0;0.0
0.0;1.0;0.0
0.0;1.0;0.0
0.0;1.0;0.0
0.0;1.0;0.0
0.0;1.0;0.0
0.0;1.0;0.0
0.0;1.0;0.0
0.0;1.0;0.0
0.0;1.0;0.0
0.0;1.0;0.0
0.0;1.0;0.0
0.0;1.0;0.0
0.0;1.0;0.0
0.0;1.0;0.0
0.0;1.0;0.0
0.0;1.0;0.0
0.0;1.0;0.0
0.0;1.0;0.0
0.0;1.0;0.0
0.0;1.0;0.0
0.0;1.0;0.0
0.0;1.0;0.0
0.0;1.0;0.0
0.0;1.0;0.0
0.0;1.0;0.0
0.0;1.0;0.0
0.0;1.0;0.0
0.0;1.0;0.0
6.963513790937415E-6;0.999993036486209;0.0
0.0;1.0;0.0
0.0;1.0;0.0
0.0;1.0;0.0
0.0;1.0;0.0
0.0;1.0;0.0
0.0;1.0;0.0
0.0;1.0;0.0
0.0;1.0;0.0
0.0;1.0;0.0
0.0;1.0;0.0
0.0;1.0;0.0
0.0;1.0;0.0
0.0;1.0;0.0
0.0;1.0;0.0
0.0;1.0;0.0
0.0;1.0;0.0
0.0;1.0;0.0
0.0;1.0;0.0
0.0;1.0;0.0
0.0;1.0;0.0
0.0;1.0;0.0
0.349514007222794;0.650485992777206;0.0
0.0;1.0;0.0
0.0;1.0;0.0
0.0;1.0;0.0
0.0;1.0;0.0
0.0;1.0;0.0
0.0;1.0;0.0
0.0;1.0;0.0
0.0;1.0;0.0
0.0;1.0;0.0
0.0;1.0;0.0
0.0;1.0;0.0
0.0;1.0;0.0
0.0;1.0;0.0
0.0;1.0;0.0
0.0020077971505509753;0.997992202849449;0.0
0.0;1.0;0.0
0.0;1.0;0.0
0.0;1.0;0.0
0.0;1.0;0.0
0.0;1.0;0.0
0.0;1.0;0.0
0.0;1.0;0.0
0.0;1.0;0.0
0.0;1.0;0.0
0.0;1.0;0.0
0.0;1.0;0.0
0.0;1.0;0.0
0.0;1.0;0.0
0.0;1.0;0.0
0.0;1.0;0.0
0.0;1.0;0.0
0.0;1.0;0.0
0.0;1.0;0.0
0.0;1.0;0.0
0.0;1.0;0.0
0.0;1.0;0.0
0.0;1.0;0.0
0.0;1.0;0.0
0.0;0.0;0.0
0.6554061239373148;0.3445938760626852;0.0
0.5;0.5;0.0
0.5;0.5;0.0
0.0;1.0;0.0
0.0;1.0;0.0
0.0;1.0;0.0
0.0;1.0;0.0
0.0;1.0;0.0
0.0;1.0;0.0
0.0;1.0;0.0
0.0;1.0;0.0
1.3269168699226135E-6;0.9999986730831301;0.0
0.0;1.0;0.0
0.0;1.0;0.0
0.0;1.0;0.0
0.0;1.0;0.0
0.0;1.0;0.0
0.0;1.0;0.0
0.0;1.0;0.0
0.7607294234086075;0.2392705765913926;0.0
0.0;0.0;0.0
1.0;0.0;0.0
0.0;1.0;0.0
0.0;1.0;0.0
0.0;1.0;0.0
0.0;1.0;0.0
0.0;1.0;0.0
0.0;1.0;0.0
0.0;1.0;0.0
1.6552218635804697E-4;0.9998344778136419;0.0
0.0;1.0;0.0
0.0;1.0;0.0
0.012213496248905515;0.9877865037510944;0.0
0.0;1.0;0.0
0.0;1.0;0.0
0.0;1.0;0.0
0.0;1.0;0.0
0.0;1.0;0.0
0.0;0.0;0.0
1.0;0.0;0.0
0.0;1.0;0.0
0.0;1.0;0.0
0.0;1.0;0.0
0.0;1.0;0.0
0.0;1.0;0.0
0.0;1.0;0.0
1.7222117949806876E-6;0.999998277788205;0.0
0.0010895196579158723;0.9989104803420841;0.0
0.0;1.0;0.0
0.0;1.0;0.0
0.0;1.0;0.0
0.0;1.0;0.0
0.0;1.0;0.0
0.6136529982444682;0.3863470017555319;0.0
0.0;1.0;0.0
0.0;1.0;0.0
0.0;1.0;0.0
0.6430795648514805;0.3569204351485195;0.0
0.5674154491643472;0.4325845508356528;0.0
0.0;1.0;0.0
0.8256432178293303;0.17435678217066963;0.0
0.0;1.0;0.0
0.0;1.0;0.0
