8.8665421860526
11.728891406192478
6.020962897738283
5.7998226180837875
5.553068497404043
7.639123101695155
11.244436436584795
11.259163885364657
21.34417343054689
15.673387824786804
18.15391855366813
15.333227597485061
10.117670561547161
11.520897912742159
14.034837917150105
11.718094909282383
8.811708239810207
14.550636988511206
11.06571762124605
13.936486159260346
20.8096093276834
14.117644272001382
16.604222472875446
19.33263451923736
17.30068205466443
18.51031156654927
16.47469392200769
16.69179762430453
13.749925069661751
11.449745032796733
20.281352996666705
18.260119846825113
17.433494250416263
20.134188820797203
18.641776189013555
13.658491563253522
12.725561832333653
10.825331013588087
8.670163751771806
5.373399335297171
4.59290160874772
6.090109584949371
7.054834108023819
7.166814362681912
10.078085889690422
11.592523352217327
10.961859159192935
17.063859679752248
23.531169801006747
14.161496679821544
11.152741779672004
11.769630118525209
6.994303078413079
8.10391565589277
9.424761979039209
4.527171447796256
6.460824894214358
5.629184033997215
8.048990905011621
11.05926050892869
13.69315582953299
18.110963060090572
10.262643241543511
7.459961766997278
5.99476321346704
6.727949609084556
9.499904610110148
8.53790149305073
11.937268382423753
9.473099777071974
7.190538860570237
8.993331993300448
8.100152268328216
7.5891058080391876
7.589780397740572
9.95196368234748
12.507922074980508
10.625432098172677
10.49204465379077
10.779579940790022
6.452712098687233
9.269988865433055
7.644601207425048
9.08922547575988
8.88025437848216
8.092339954060732
9.988723533503583
10.752411973260031
10.047595690005476
7.211081089031454
10.370816193037658
11.145861156605989
9.819675271315132
8.27025031113454
13.092413538990696
7.578004305160272
11.609840323900203
5.252895515405669
4.335640318210235
6.000947459831799
8.704903892267842
8.5720586973399
13.196801232085596
13.711894369492422
13.48813050254319
15.225994122604
14.821804124097598
13.122546574566394
13.488157041397761
13.771462957960724
10.431608667620699
10.67466719936448
15.532229509887838
15.282615481792103
14.012479246906025
15.253238388930445
11.887056869781224
14.007264154934367
12.952976868394035
13.323523138229056
14.292431970432272
16.377654598101927
17.501405196219423
21.1579407333798
19.69095730650999
16.206461991939833
23.533056191516323
18.11166973698514
14.822851761427176
19.681019561480415
14.019286045369222
14.0155478208842
12.140339572337785
16.00404642728069
18.044924734942295
14.913803470355198
16.062377555890574
15.236212570066508
19.85704969581234
15.676431085633151
17.591079204975443
23.513637995702652
24.506225072910475
22.464420680224624
27.578245099361745
19.300875644535974
19.71265361390519
25.033208476672808
20.96329417908881
20.770315316077212
14.130411615934937
18.861470212211284
22.988828697082287
16.565380403640404
16.653192805321993
15.74369955700126
22.365603598039428
6.696338157476411
13.799554047333094
12.237978030784554
11.316250541682281
5.332170176984608
5.339600276265501
5.108544947809086
15.007570706754224
12.435391861798347
5.280237306031388
12.421234789149816
12.872365501704174
13.418008161568324
18.385677449836287
17.764909276014176
14.423856122535229
11.678638139119894
12.214377027144725
6.852902420503218
10.022251892907237
10.527276834628063
7.9562233862323755
5.845960206041086
5.714998364343662
6.821211091109415
6.678820947326328
8.779443334342364
12.731948537487161
8.760372326496553
4.322435802999561
5.817645433334075
5.97429788868399
5.081519055549477
4.631549568359736
5.616242072151478
4.6694824415488485
4.958044790374197
5.532652153458803
3.7425498883764887
4.831764963900417
5.363486612874508
4.796148500281404
4.300990729773184
4.381046631453499
7.3556001940841185
3.842166963330567
3.825043531261061
3.7293158455114908
9.293938920472469
9.27899606843404
12.608143639339417
10.111572599875002
19.250935645014266
14.391780765673557
17.929711722942184
11.338520142282464
7.319440179313874
9.106585438083613
8.897024528189172
11.48971047432755
9.6224309225702
15.906804479707539
13.3854909284154
10.078767850330793
14.368720273337331
9.144236647337879
8.816437790754328
5.076767338357092
4.687578792358963
6.151739375988415
7.729858112965243
4.25110601718754
6.262742590909202
11.31789498168546
7.299157739693895
5.210491768039079
4.713388191290251
8.237619812783032
10.776822450573967
10.222538867800534
7.122519579192886
7.224361426942037
8.207050052107387
8.85988378189761
12.05226572623545
9.46657160868519
6.82334132751253
15.71485703680741
14.400144567633149
7.911938169493762
12.05229436307462
8.090076256744927
6.245898152647676
6.718790367075586
6.540047570372678
5.289864897796986
4.0205363407848775
7.507078645140805
7.58899022562837
4.088297280837672
4.73589116686383
7.537730303570827
9.747725687211615
7.241351102666124
5.777381564885527
4.981173976406873
8.49104780344606
7.118061641059052
12.662691160362321
8.362139602964923
4.471055550655597
4.886573983802322
12.08674492477051
10.585686528620188
7.347271968966597
9.087522177657684
5.401462515194775
5.778314166563099
6.017330374741588
5.69910209446282
5.45702153897455
6.5781672009160115
5.608542214263588
4.806114838602958
5.568538426383088
4.552384820807223
3.609083408209708
4.707623281934298
7.458577718187861
7.848847340972309
7.978567134924056
8.902955724488551
6.767108306319985
5.796928872690213
4.592027513711896
5.960513984062082
8.370253801702116
10.849498889767949
6.896350827317196
8.222945710040303
13.814100593830386
6.9515612594370335
5.015150696413568
6.975066957030062
8.717768099544639
6.685381528864635
5.224664491683747
5.333252591649087
7.966648306902179
6.614011148548446
8.40607064443005
11.029230828690665
13.435375398847535
15.492707566248622
10.681209054205894
15.115524641373828
12.443588103303856
10.986848376427119
16.974119905721544
15.61024917453252
13.699276137625086
10.38632034188486
11.230893262311373
9.128035630810379
9.568169797600977
11.032916789341515
14.858414705339452
8.17037778113657
7.1946502624884605
8.324718269450521
9.676516262432525
9.815204609889646
7.6381883024531625
9.24702702816232
10.898690330945119
8.759666967788744
8.825631830730572
9.385491580587313
9.608701402960824
11.54617805512088
12.939504621284007
10.185439502991704
11.551037621651748
12.709568039279553
5.44181967438667
10.830892117982952
7.8055039933013575
5.311219347975869
11.090242657409048
11.732078804851005
6.560248040031611
6.438929980829441
5.761005133517623
7.190242863743848
6.36156614665007
7.898661126967799
5.959051099510512
8.356839902153466
7.088592290520765
16.5256063514231
13.288947782514063
12.745753640425452
12.732315241669589
11.480445612535812
14.645280913554913
17.058477557838177
17.60492853796275
9.022221074287232
18.91996031005464
17.293211570213423
21.560196485372167
7.189685711985664
6.062740858791866
5.931029499722545
6.345472929341597
6.324174769325149
25.4839923048379
28.854083354356582
15.728176914440189
17.780635028421163
18.581554474710497
19.080914848389412
22.56586888027487
17.603184863494633
20.81838750577276
24.571636482914535
23.78977286022486
30.616084814817956
29.066655073893283
29.050129076227538
28.731157764263376
28.599533020148233
24.927226734035234
20.31924026622709
12.974001638441127
27.97991388691621
19.116886356569257
21.0753515252589
19.57292795959475
19.971367139128805
26.083388847020736
29.685323772691135
24.234902192091006
27.228006358427947
24.648543672489758
20.68646439448226
27.196632909395518
23.98723413243915
27.497285220571914
30.420978081666032
13.136307489205597
19.861606388376675
11.073217191126044
20.133956135647427
17.595529004557278
23.05256474099671
21.66244395765482
31.568075141807988
24.864102064990398
22.61157685736323
24.14683388865352
22.735154075103047
19.73376426697742
17.311082015219196
19.82977058265353
15.879830553910594
20.199419076124713
21.363359767445832
25.440333060052517
19.95841829931225
19.122318040407244
20.200585183072732
23.021939296590624
18.705931915924968
18.555909203506136
16.052351074703857
18.12357458862932
21.276544810492503
18.669667486114058
21.851695143952306
24.47756806057309
23.817302047386068
21.75450121951996
22.360390485465857
16.553153502086786
16.655230955181665
17.76183466648613
22.958042430336633
20.549884080415747
18.350662277589816
20.00481570968673
19.52747665392271
19.858983482177337
18.649821826430205
17.533594596232135
17.13377481705291
14.080680149644474
17.714130135333523
17.985038549276823
20.894294646161182
19.21969468144979
16.996182966951835
14.525647598330025
15.844651873774911
15.571342264368116
14.116786595857135
13.862797273978696
12.312117734856912
12.722895615938711
16.27625532584046
16.986056820782157
14.56073986514779
13.551334650266632
14.877300195277341
15.749809628977431
11.972740822455547
8.350366168653437
22.805878628025003
21.090950276436196
16.921553582325917
24.821118138658164
19.419740882550197
14.125629616613441
11.814522896003092
11.19745968079296
10.240971345762782
11.659026069396031
11.939580604038849
11.38314730116803
14.94193557683792
12.704536061581504
17.870044638522828
24.997968122723584
25.52156574791304
17.521824841470796
12.799213335010306
11.458234138737804
9.45432030111459
9.639104585620334
14.582482315543352
13.975355246343504
11.7496864169782
15.386783434415042
15.015550379693249
10.1967016600824
12.456204755544453
10.191135443636673
11.163936752780694
18.181577597969987
