5.1281146622852365
5.128299609942349
5.128486725160139
5.128676049455206
5.128867622432754
5.129061481957928
5.12925766431133
5.129456204330332
5.129657135537707
5.1298604902588645
5.130066299728862
5.1302745941902135
5.130485402982394
5.13069875462387
5.130914676887365
5.131133196868988
5.131354341051841
5.131580552625264
5.131811803086027
5.132045630557087
5.140383094994304
5.14060634771023
5.14083269410613
5.1410621848233
5.141294867871357
5.141530788884046
5.141769991349438
5.142012516817536
5.142258405087742
5.1425076943784855
5.142760421480903
5.143016621898312
5.14327632997297
5.1435395790014455
5.143806401339782
5.144076828499452
5.144355271015121
5.144638132369926
5.1449245458250505
5.145214546215937
4.911672664913702
5.1572155519559
5.157520253905805
5.157828158306344
5.15813939244681
5.1584434347078165
5.158732206836449
5.159025661023535
5.159323844077532
5.159626800665739
5.159934573541589
5.160247203749178
5.160564730807703
5.160887192877992
5.161215597113543
5.161553755415305
5.161896781007719
5.162244715948852
5.162597601089869
5.162955476203011
4.934368362454575
4.934684487354625
4.9350067080250835
4.935335111182962
4.935669777232972
4.9360107809784575
5.181651653226137
5.182037156173832
5.1824280235548095
5.182824377128119
5.183226331003041
5.183633992385805
5.184045983731925
5.184440112848805
5.184844198202568
5.185255051404389
5.18567272108296
5.186097254145685
5.186528695978473
5.186967090626364
4.965602149194131
4.965965191337485
4.966336827224492
4.966717175991372
4.967106346174294
4.967504437005751
4.967911539543998
4.968327737659845
4.968753108901239
4.96918772525273
5.214911316894072
5.215396870611828
5.215896567930902
5.216405522528589
5.2169226933700745
5.217448201255371
5.217982159851994
5.21852467640827
5.219075852393473
5.2196357840733185
4.989056383169087
4.989427729444165
4.989812746307463
4.990211491998934
5.01055174962632
5.011002034640864
5.011465059947388
5.011940936644934
5.01242976507194
5.012931636203385
5.013448027144388
5.01398408697893
5.014533094040086
5.015095132113629
5.0156702787912515
5.261557042737409
5.26219027564983
5.262835643860676
5.263493271459354
5.2641632748128915
5.049682460345581
5.050057044381866
5.050451187705638
5.050864962866006
5.0512984281833955
5.051751630127242
5.052224605307786
5.052717382151938
5.053229982319273
5.053767076573694
5.054328193610682
5.074848719037089
5.075471131169645
5.076112060030241
5.076771594510104
5.077449814776282
5.078146793463619
5.078862596716501
5.079597285101723
5.325635552688023
4.812118850586469
4.812525978638769
4.812955588141955
5.136072185420427
5.136480728301859
5.136917660350784
5.137383016781712
5.137876816830573
5.13840800636571
5.1389687594850795
5.139557408065766
5.140173974323435
5.140818470850132
5.141490902353485
5.142191267133663
5.142919558341836
5.143675765055846
5.144459873202198
5.165222751557414
5.166083595157605
5.325097006337387
4.933194055099516
4.933519121018312
4.93387659165359
4.9342675620458385
4.934692936724105
4.935148409333053
5.258351133933112
5.258825387903415
5.259340025134428
5.259895061540151
5.260490491054496
5.261126289807772
5.26180241958056
5.262518830673855
5.26327546430486
5.264072254614931
5.26490913035877
5.265786016330228
5.2667028345694415
5.500371233516178
5.105779058831981
5.106279107245704
5.10640754000215
5.106581929241011
5.10678635228764
5.107025586262688
5.107318232599695
5.107665040377912
5.209953594394074
5.210455630044494
5.2110101188904565
5.211617623671755
5.433121978493418
5.433765690346703
5.434467805211789
5.435228164068837
5.436046597406049
5.436922928008525
5.437856973270328
5.429327477026259
5.428226863645759
5.35562406547347
5.355644704227908
5.355647865173695
5.3554268525164
5.3552721843002
5.355191238460478
5.456907871842345
5.457043787698364
5.457252903159941
5.4575367801848
5.45789664528969
5.458333455989045
5.458847952656559
5.459440699398015
5.46011211654859
5.460862506721105
5.461692075841625
5.462600950254558
5.4349182773613665
5.794896320094651
5.789041990892958
5.786746903692398
5.71788510858187
5.717376393603456
5.716895999188485
5.716407997369011
5.81729875719425
5.8168416208892335
5.8164833713668855
5.816228297333824
5.816079674920317
5.816040004744815
5.816111186655895
5.816294650442002
5.816591454911443
5.817002363906919
5.81752790526758
5.818168417024436
6.035285948842201
6.327717970883441
6.329267821043151
6.3183948966580505
6.31730567190149
6.315992215745705
6.31453128938297
6.346216717612464
6.345204213778999
6.344192845001325
6.343064118960543
6.341843408172805
6.340764192791186
6.339833959624919
6.33905821185316
6.338440993363429
6.337985257378696
6.337693130747146
6.337566106767527
6.337605188094953
7.805474883944381
7.235488571582719
7.018964824588375
7.28491032821611
7.10528746015499
7.104279142128908
7.102043378029222
7.200562558254468
7.369424324414139
7.366823476163015
7.364203073286115
7.361644714334918
7.35920168633195
7.577396448382418
7.574945519536362
7.572732291454065
7.692698793064668
7.6912155748227296
7.689951843011942
7.492860298085638
9.463133178869617
9.102025386021486
9.171896057137577
8.92320984291524
8.859839733015418
9.323854130788149
9.433350247762553
9.436495943809401
9.429400790728304
9.422516677633363
9.4159050482068
9.40960128349512
9.403626504763908
9.397993547520123
9.392710185150259
8.915967727363222
8.911013321250287
8.981969178949367
8.97787232092848
8.974159785881996
11.13609160169382
11.119479865274158
11.103503912013366
11.089596171937893
10.860646213645285
11.00129787095048
10.965100830879257
11.065305009146675
11.05467238535089
11.04225290350602
11.031017689557508
11.020041761657566
10.631611808524093
10.621314503898418
10.728298110472625
11.024131465857584
11.016389179562019
11.293623578515954
11.286576346020896
11.27935222137472
13.125768980262215
13.10007528514098
13.414010733687583
13.352889461890097
13.324079813402012
13.043260503825918
13.142054272030279
12.998716534768212
12.704676699707916
13.236322131867984
13.240895310058818
12.903357392418792
12.94242556624076
12.92490936544959
13.39830115666465
13.484452244026256
13.52644753200598
13.511345896073344
13.74379784887445
13.560231395331872
16.056842646209283
16.02082141933953
15.98738944728902
16.109520244576466
16.220023908075177
16.180086282136667
16.144412217233846
15.973484589665835
15.921828336182388
15.794702432922307
16.107068777400514
16.01565032987924
15.98541188503405
15.42888826274176
15.508532992048721
15.538919882993776
16.003620438790815
16.26520998093839
16.240359583231353
16.21609901414261
19.497472033009736
19.4522686149853
19.40745644738523
19.365255378418222
19.43889308078536
19.57835623820944
19.535567187805576
19.48329710293176
19.440892226260395
19.5389941237271
19.385807700995358
19.72121654254518
19.412791799287753
19.274667993535616
19.285500652128807
18.803321644895185
18.724280667254703
18.743978587723802
19.198277945420937
19.448687284177616
23.17778744904913
23.128271737402905
23.078816793895474
23.029435134940236
23.13634518189594
23.050255798454483
23.184075917159195
23.135210136552256
23.07744719976436
23.028316335735788
23.60528112297885
23.79454905691576
23.27204230903699
22.858476246579215
23.192491264529178
22.876713798310423
22.73140960168631
22.672912065737886
22.303945079696234
22.214402510858577
