in0	!out0
-76.72178745269775	0.0
92.96935796737671	1.0
76.594078540802	1.0
-15.902626514434814	0.0
-0.8287310600280762	0.0
15.477228164672852	1.0
88.46802711486816	1.0
-51.36752128601074	0.0
10.025358200073242	1.0
37.84605264663696	1.0
-4.714715480804443	0.0
92.47913360595703	1.0
-31.165587902069092	0.0
-87.70164251327515	0.0
-79.21487092971802	0.0
-82.47424364089966	0.0
78.91228199005127	1.0
56.49850368499756	1.0
46.391260623931885	1.0
52.42370367050171	1.0
95.85011005401611	1.0
23.947548866271973	1.0
-69.92052793502808	0.0
68.64217519760132	1.0
-65.19412994384766	0.0
-19.070422649383545	0.0
-23.10100793838501	0.0
25.032544136047363	1.0
-26.875877380371094	0.0
17.60028600692749	1.0
86.22454404830933	1.0
-26.832175254821777	0.0
-80.5699110031128	0.0
-36.58015727996826	0.0
-21.866047382354736	0.0
-1.1842608451843262	0.0
-97.53274917602539	0.0
63.239192962646484	1.0
69.7774887084961	1.0
15.416145324707031	1.0
-23.82282018661499	0.0
95.39146423339844	1.0
22.219574451446533	1.0
-66.60774946212769	0.0
26.7889142036438	1.0
-26.648199558258057	0.0
60.48226356506348	1.0
13.18296194076538	1.0
3.29359769821167	1.0
11.191737651824951	1.0
41.571712493896484	1.0
-6.672859191894531	0.0
-12.650156021118164	0.0
72.48772382736206	1.0
11.594510078430176	1.0
31.384265422821045	1.0
15.687501430511475	1.0
-99.4286298751831	0.0
-32.47147798538208	0.0
95.59861421585083	1.0
45.778560638427734	1.0
-15.822136402130127	0.0
-38.37047815322876	0.0
-59.08365249633789	0.0
-93.11288595199585	0.0
84.84413623809814	1.0
-77.15754508972168	0.0
-70.38134336471558	0.0
-59.70484018325806	0.0
-95.8513617515564	0.0
17.601335048675537	1.0
75.0413179397583	1.0
91.01449251174927	1.0
32.55023956298828	1.0
-22.19843864440918	0.0
-15.603482723236084	0.0
-0.3368496894836426	0.0
0.6148815155029297	1.0
86.38471364974976	1.0
15.86698293685913	1.0
-39.92605209350586	0.0
-32.3155403137207	0.0
33.953857421875	1.0
52.54136323928833	1.0
72.43260145187378	1.0
-68.92493963241577	0.0
0.7318854331970215	1.0
53.00891399383545	1.0
41.241538524627686	1.0
-82.9743504524231	0.0
-17.38377809524536	0.0
16.769957542419434	1.0
97.84454107284546	1.0
-83.91940593719482	0.0
80.17271757125854	1.0
-16.357946395874023	0.0
-95.56335210800171	0.0
94.02509927749634	1.0
-22.994089126586914	0.0
13.878893852233887	1.0
5.852675437927246	1.0
-98.50335121154785	0.0
45.195746421813965	1.0
95.98050117492676	1.0
-10.048413276672363	0.0
-73.38205575942993	0.0
-95.85049152374268	0.0
7.584106922149658	1.0
-10.57041883468628	0.0
-58.235085010528564	0.0
-24.476289749145508	0.0
-10.512661933898926	0.0
-52.00772285461426	0.0
56.41845464706421	1.0
-82.35918283462524	0.0
-67.48920679092407	0.0
11.202383041381836	1.0
-74.01583194732666	0.0
86.68580055236816	1.0
14.407515525817871	1.0
-8.060121536254883	0.0
-38.88247013092041	0.0
22.70381450653076	1.0
44.329237937927246	1.0
-50.44429302215576	0.0
-92.1806812286377	0.0
25.30604600906372	1.0
21.0848331451416	1.0
95.80539464950562	1.0
12.5197172164917	1.0
-41.83236360549927	0.0
-18.85237693786621	0.0
56.20300769805908	1.0
59.12742614746094	1.0
15.501976013183594	1.0
-30.4121732711792	0.0
-44.311654567718506	0.0
-86.27508878707886	0.0
-12.480509281158447	0.0
28.06265354156494	1.0
-72.9526162147522	0.0
-70.15480995178223	0.0
15.319430828094482	1.0
-40.06232023239136	0.0
-10.078561305999756	0.0
-87.22628355026245	0.0
-96.50766849517822	0.0
-36.10343933105469	0.0
-7.971370220184326	0.0
-1.3936042785644531	0.0
60.209107398986816	1.0
-70.13908624649048	0.0
-86.82442903518677	0.0
11.193132400512695	1.0
18.145930767059326	1.0
-85.23651361465454	0.0
-87.54526376724243	0.0
48.65490198135376	1.0
-79.96282577514648	0.0
71.24872207641602	1.0
-53.99658679962158	0.0
-71.499764919281	0.0
80.98958730697632	1.0
64.58660364151001	1.0
-60.37052869796753	0.0
-33.502793312072754	0.0
18.67295503616333	1.0
66.99768304824829	1.0
61.59850358963013	1.0
-17.282259464263916	0.0
57.463538646698	1.0
20.16693353652954	1.0
77.4653434753418	1.0
84.99389886856079	1.0
-25.60555934906006	0.0
65.93668460845947	1.0
-57.952678203582764	0.0
-52.482783794403076	0.0
-76.47796869277954	0.0
90.31950235366821	1.0
-60.25063991546631	0.0
22.755181789398193	1.0
-33.93350839614868	0.0
65.36722183227539	1.0
-60.76090335845947	0.0
35.4036808013916	1.0
-95.58311700820923	0.0
54.301273822784424	1.0
83.08414220809937	1.0
57.714056968688965	1.0
30.99663257598877	1.0
14.953064918518066	1.0
58.45750570297241	1.0
-4.255974292755127	0.0
94.08227205276489	1.0
-84.17961597442627	0.0
60.34296751022339	1.0
68.5205340385437	1.0
28.543388843536377	1.0
11.313426494598389	1.0
-94.9799656867981	0.0
95.63698768615723	1.0
2.4306893348693848	1.0
-3.5368919372558594	0.0
28.44092845916748	1.0
44.234609603881836	1.0
80.28804063796997	1.0
-84.10708904266357	0.0
-70.43905258178711	0.0
-96.79813385009766	0.0
97.4048376083374	1.0
73.8689661026001	1.0
13.188159465789795	1.0
-66.30352735519409	0.0
56.71912431716919	1.0
-34.64397192001343	0.0
85.02362966537476	1.0
79.93077039718628	1.0
44.19045448303223	1.0
-71.98981046676636	0.0
90.99783897399902	1.0
58.68809223175049	1.0
-66.4315938949585	0.0
-30.980753898620605	0.0
72.08818197250366	1.0
-5.449008941650391	0.0
65.22537469863892	1.0
3.7816643714904785	1.0
96.27019166946411	1.0
-81.9503903388977	0.0
4.043114185333252	1.0
91.64142608642578	1.0
-45.79610824584961	0.0
-62.15558052062988	0.0
-3.4892797470092773	0.0
54.75817918777466	1.0
-7.48438835144043	0.0
-49.230897426605225	0.0
29.019880294799805	1.0
-30.312693119049072	0.0
-30.05269765853882	0.0
77.50967741012573	1.0
-82.03234672546387	0.0
5.729949474334717	1.0
-19.083333015441895	0.0
-39.02376890182495	0.0
-61.70773506164551	0.0
-31.88098669052124	0.0
20.380496978759766	1.0
-24.725794792175293	0.0
-30.368757247924805	0.0
-96.42902612686157	0.0
7.615447044372559	1.0
-66.43433570861816	0.0
-6.677770614624023	0.0
81.07080459594727	1.0
88.07820081710815	1.0
-48.98946285247803	0.0
-97.70876169204712	0.0
75.35278797149658	1.0
11.640167236328125	1.0
85.4411244392395	1.0
-18.223941326141357	0.0
39.204955101013184	1.0
91.17798805236816	1.0
-85.5370044708252	0.0
-56.811678409576416	0.0
50.51450729370117	1.0
46.21702432632446	1.0
57.004690170288086	1.0
-2.4736642837524414	0.0
99.92278814315796	1.0
-57.95581340789795	0.0
-90.85855484008789	0.0
98.29561710357666	1.0
-74.91092681884766	0.0
95.37090063095093	1.0
60.860657691955566	1.0
55.05356788635254	1.0
-87.70453929901123	0.0
73.01613092422485	1.0
-14.126896858215332	0.0
18.39066743850708	1.0
-15.706586837768555	0.0
91.48472547531128	1.0
-92.53026247024536	0.0
47.39605188369751	1.0
52.16871500015259	1.0
39.623188972473145	1.0
-32.633113861083984	0.0
-67.0323133468628	0.0
-28.728079795837402	0.0
-88.80493640899658	0.0
10.676956176757812	1.0
36.30014657974243	1.0
-8.76528024673462	0.0
7.8224778175354	1.0
-59.197330474853516	0.0
-0.6187319755554199	0.0
-31.303739547729492	0.0
-53.35085391998291	0.0
74.17106628417969	1.0
-29.5762300491333	0.0
-42.797863483428955	0.0
-18.34275722503662	0.0
44.450461864471436	1.0
-57.759225368499756	0.0
38.5361909866333	1.0
79.45348024368286	1.0
-60.26250123977661	0.0
-13.997328281402588	0.0
6.079065799713135	1.0
-51.279306411743164	0.0
-1.0856866836547852	0.0
-27.788937091827393	0.0
-4.800128936767578	0.0
4.363441467285156	1.0
-48.59353303909302	0.0
-5.6417107582092285	0.0
20.558905601501465	1.0
-57.51626491546631	0.0
-50.65518617630005	0.0
35.31057834625244	1.0
31.630778312683105	1.0
23.129522800445557	1.0
66.94148778915405	1.0
80.48570156097412	1.0
32.10259675979614	1.0
56.013023853302	1.0
-6.765687465667725	0.0
-64.85873460769653	0.0
26.47562026977539	1.0
6.654703617095947	1.0
57.70590305328369	1.0
-20.315909385681152	0.0
52.92881727218628	1.0
98.0644941329956	1.0
-34.883928298950195	0.0
-98.86819124221802	0.0
-64.95383977890015	0.0
17.759621143341064	1.0
43.27570199966431	1.0
54.29786443710327	1.0
76.59534215927124	1.0
-22.4076509475708	0.0
-21.541178226470947	0.0
-25.59443712234497	0.0
86.71246767044067	1.0
88.91007900238037	1.0
75.03756284713745	1.0
-54.80855703353882	0.0
53.24276685714722	1.0
6.037378311157227	1.0
-17.633438110351562	0.0
-70.31556367874146	0.0
86.24602556228638	1.0
-45.76600790023804	0.0
-9.730720520019531	0.0
-88.4951114654541	0.0
85.54229736328125	1.0
82.60087966918945	1.0
1.9101738929748535	1.0
-20.779526233673096	0.0
-42.714500427246094	0.0
64.52394723892212	1.0
-28.706002235412598	0.0
22.277116775512695	1.0
-67.93280839920044	0.0
52.46556997299194	1.0
-59.30209159851074	0.0
-68.0097222328186	0.0
76.37529373168945	1.0
-39.498913288116455	0.0
-60.6839656829834	0.0
-29.463601112365723	0.0
44.95372772216797	1.0
-28.85524034500122	0.0
-77.88492441177368	0.0
-74.64780807495117	0.0
53.16966772079468	1.0
-1.9878745079040527	0.0
-5.747520923614502	0.0
-84.64337587356567	0.0
76.37574672698975	1.0
64.34366703033447	1.0
-9.749782085418701	0.0
32.91131258010864	1.0
-57.559144496917725	0.0
-84.56984758377075	0.0
78.61194610595703	1.0
33.305203914642334	1.0
28.939402103424072	1.0
-98.91678094863892	0.0
11.85901165008545	1.0
-83.22340250015259	0.0
89.29147720336914	1.0
-28.211867809295654	0.0
-66.2508487701416	0.0
45.74767351150513	1.0
-17.736124992370605	0.0
-49.501216411590576	0.0
-54.19783592224121	0.0
11.60966157913208	1.0
9.354257583618164	1.0
52.51127481460571	1.0
-99.45054054260254	0.0
73.26511144638062	1.0
-20.443391799926758	0.0
16.462254524230957	1.0
-75.84049701690674	0.0
-85.37057638168335	0.0
-24.064326286315918	0.0
-37.64634132385254	0.0
-82.07861185073853	0.0
-40.029287338256836	0.0
-26.934993267059326	0.0
-70.50681114196777	0.0
-45.30332088470459	0.0
-73.10210466384888	0.0
61.44914627075195	1.0
39.4864559173584	1.0
-50.757479667663574	0.0
-78.88069152832031	0.0
71.21691703796387	1.0
-81.5537691116333	0.0
-38.54050636291504	0.0
79.15160655975342	1.0
7.387661933898926	1.0
17.453718185424805	1.0
6.3828349113464355	1.0
-13.28040361404419	0.0
87.94595003128052	1.0
-84.07894372940063	0.0
84.06844139099121	1.0
47.06329107284546	1.0
8.518147468566895	1.0
-64.0654444694519	0.0
66.7376160621643	1.0
-64.53783512115479	0.0
65.01529216766357	1.0
72.2679615020752	1.0
27.605903148651123	1.0
12.021815776824951	1.0
-91.25478267669678	0.0
50.99252462387085	1.0
-41.98123216629028	0.0
79.82513904571533	1.0
-0.8236527442932129	0.0
-14.620006084442139	0.0
72.99307584762573	1.0
-84.63461399078369	0.0
-18.271267414093018	0.0
94.98565196990967	1.0
76.18299722671509	1.0
93.70880126953125	1.0
-65.68572521209717	0.0
49.50069189071655	1.0
90.57657718658447	1.0
58.119261264801025	1.0
8.984065055847168	1.0
-49.940311908721924	0.0
-61.52130365371704	0.0
-52.43368148803711	0.0
-90.54074287414551	0.0
9.26966667175293	1.0
-7.060480117797852	0.0
4.271125793457031	1.0
-76.18473768234253	0.0
-2.0079612731933594	0.0
45.948076248168945	1.0
-14.79341983795166	0.0
38.94904851913452	1.0
75.0598669052124	1.0
85.24491786956787	1.0
-27.876126766204834	0.0
82.19176530838013	1.0
4.532420635223389	1.0
98.37425947189331	1.0
78.83495092391968	1.0
-30.62065839767456	0.0
-97.70609140396118	0.0
-4.6952009201049805	0.0
-75.15507936477661	0.0
16.380321979522705	1.0
-49.20679330825806	0.0
-98.22783470153809	0.0
-24.996697902679443	0.0
3.417336940765381	1.0
49.692749977111816	1.0
97.89673089981079	1.0
58.843255043029785	1.0
87.46480941772461	1.0
0.36150217056274414	1.0
33.029186725616455	1.0
97.81781435012817	1.0
91.97536706924438	1.0
-42.1547532081604	0.0
-82.48356580734253	0.0
20.3965425491333	1.0
-33.88087749481201	0.0
-64.43383693695068	0.0
-4.206943511962891	0.0
87.1218204498291	1.0
11.82558536529541	1.0
-44.37873363494873	0.0
47.66271114349365	1.0
36.4215612411499	1.0
31.259143352508545	1.0
73.7441897392273	1.0
29.068100452423096	1.0
-17.959320545196533	0.0
-65.12410640716553	0.0
-51.327550411224365	0.0
63.43268156051636	1.0
86.87189817428589	1.0
20.779645442962646	1.0
-44.95788812637329	0.0
89.91318941116333	1.0
-60.063087940216064	0.0
-70.17074823379517	0.0
-57.24059343338013	0.0
34.95999574661255	1.0
-78.98414134979248	0.0
-30.991899967193604	0.0
-40.13078212738037	0.0
-51.71480178833008	0.0
-4.206717014312744	0.0
2.588033676147461	1.0
0.9034872055053711	1.0
54.25533056259155	1.0
-46.02178335189819	0.0
-94.66046094894409	0.0
12.318503856658936	1.0
61.53445243835449	1.0
23.35730791091919	1.0
91.99967384338379	1.0
-11.904346942901611	0.0
-57.200706005096436	0.0
97.34240770339966	1.0
-15.75387716293335	0.0
-22.621440887451172	0.0
-31.61252737045288	0.0
11.336421966552734	1.0
71.41690254211426	1.0
-70.82052230834961	0.0
-7.166743278503418	0.0
56.932687759399414	1.0
-32.88760185241699	0.0
-9.185349941253662	0.0
61.05571985244751	1.0
-1.3713598251342773	0.0
57.37733840942383	1.0
-0.6628751754760742	0.0
-7.159996032714844	0.0
32.96198844909668	1.0
5.695390701293945	1.0
-0.18535852432250977	0.0
41.27572774887085	1.0
-67.47459173202515	0.0
-14.6484375	0.0
31.696367263793945	1.0
24.437975883483887	1.0
46.00260257720947	1.0
48.857975006103516	1.0
-91.7125940322876	0.0
-33.268094062805176	0.0
56.718575954437256	1.0
-74.59908723831177	0.0
1.747596263885498	1.0
33.00908803939819	1.0
-20.262885093688965	0.0
3.319573402404785	1.0
-82.26959705352783	0.0
-61.8147611618042	0.0
-67.73518323898315	0.0
-38.97682428359985	0.0
82.73377418518066	1.0
49.132347106933594	1.0
-30.263853073120117	0.0
-73.5765814781189	0.0
-0.9742379188537598	0.0
0.9830117225646973	1.0
-27.032482624053955	0.0
-0.12761354446411133	0.0
60.784339904785156	1.0
56.34661912918091	1.0
2.294337749481201	1.0
14.365565776824951	1.0
-38.49970102310181	0.0
-28.475570678710938	0.0
53.9776086807251	1.0
-81.23675584793091	0.0
-48.65877628326416	0.0
62.11291551589966	1.0
-79.710853099823	0.0
92.8512454032898	1.0
-73.03489446640015	0.0
-71.77066802978516	0.0
21.25837802886963	1.0
-86.15291118621826	0.0
61.11520528793335	1.0
19.810783863067627	1.0
-28.162574768066406	0.0
-94.88517045974731	0.0
-32.38343000411987	0.0
-13.062560558319092	0.0
13.053131103515625	1.0
63.192784786224365	1.0
78.51625680923462	1.0
61.84886693954468	1.0
-98.54285717010498	0.0
95.53924798965454	1.0
-35.99369525909424	0.0
-83.08688402175903	0.0
-58.926475048065186	0.0
-89.64060544967651	0.0
-35.40651798248291	0.0
7.85830020904541	1.0
-4.256737232208252	0.0
27.098023891448975	1.0
-45.734310150146484	0.0
89.23869132995605	1.0
-41.12277030944824	0.0
15.17871618270874	1.0
48.43451976776123	1.0
-94.58142518997192	0.0
-60.75462102890015	0.0
72.03865051269531	1.0
-57.91550874710083	0.0
-93.80375146865845	0.0
45.39458751678467	1.0
5.435049533843994	1.0
72.73532152175903	1.0
-87.1901273727417	0.0
0.06451606750488281	1.0
93.82767677307129	1.0
-61.29943132400513	0.0
-39.42208290100098	0.0
23.512578010559082	1.0
-68.40754747390747	0.0
32.77993202209473	1.0
-33.534348011016846	0.0
-61.9665265083313	0.0
53.77124547958374	1.0
61.11553907394409	1.0
-92.40268468856812	0.0
-83.82173776626587	0.0
-79.16264533996582	0.0
-98.45312833786011	0.0
80.51915168762207	1.0
-77.99617052078247	0.0
65.48750400543213	1.0
98.11276197433472	1.0
56.310999393463135	1.0
54.045701026916504	1.0
-33.09650421142578	0.0
54.67478036880493	1.0
-40.989530086517334	0.0
-13.985395431518555	0.0
64.99911546707153	1.0
26.3077974319458	1.0
-93.06195974349976	0.0
92.51739978790283	1.0
-65.4476523399353	0.0
-65.55912494659424	0.0
34.73390340805054	1.0
-82.83250331878662	0.0
67.88749694824219	1.0
88.95348310470581	1.0
49.73800182342529	1.0
-60.437822341918945	0.0
-38.046324253082275	0.0
-26.121187210083008	0.0
85.64854860305786	1.0
9.608018398284912	1.0
49.89064931869507	1.0
-17.9132342338562	0.0
-61.408531665802	0.0
-14.686441421508789	0.0
39.96380567550659	1.0
-46.54383659362793	0.0
-75.0947117805481	0.0
32.74186849594116	1.0
28.45156192779541	1.0
-11.71426773071289	0.0
-5.9581756591796875	0.0
-62.88563013076782	0.0
-86.92053556442261	0.0
-43.746042251586914	0.0
-7.69273042678833	0.0
89.98996019363403	1.0
12.408638000488281	1.0
-2.7670860290527344	0.0
-38.71532678604126	0.0
-26.834654808044434	0.0
-28.138387203216553	0.0
-86.33800745010376	0.0
-47.7117657661438	0.0
-98.06259870529175	0.0
62.77710199356079	1.0
-63.41887712478638	0.0
69.26356554031372	1.0
19.046497344970703	1.0
46.58470153808594	1.0
-34.42056179046631	0.0
60.22446155548096	1.0
23.03391695022583	1.0
29.92933988571167	1.0
74.97546672821045	1.0
-97.50697612762451	0.0
-9.858214855194092	0.0
58.82672071456909	1.0
64.7089958190918	1.0
96.69734239578247	1.0
59.759724140167236	1.0
31.0546875	1.0
-42.05355644226074	0.0
16.526520252227783	1.0
36.99008226394653	1.0
54.80269193649292	1.0
26.385700702667236	1.0
-92.28633642196655	0.0
19.891023635864258	1.0
47.281789779663086	1.0
-51.096999645233154	0.0
-74.628746509552	0.0
16.67783260345459	1.0
35.24218797683716	1.0
87.83296346664429	1.0
-95.42049169540405	0.0
-2.7255654335021973	0.0
26.126527786254883	1.0
50.296640396118164	1.0
-87.38787174224854	0.0
93.05368661880493	1.0
97.45203256607056	1.0
69.24039125442505	1.0
-57.320284843444824	0.0
72.96710014343262	1.0
-27.027952671051025	0.0
-26.938951015472412	0.0
26.60583257675171	1.0
-63.18333148956299	0.0
-51.00449323654175	0.0
-23.783719539642334	0.0
42.29017496109009	1.0
80.52072525024414	1.0
50.18970966339111	1.0
-86.37499809265137	0.0
-89.39480781555176	0.0
-98.53006601333618	0.0
-30.012238025665283	0.0
-43.72047185897827	0.0
-36.285579204559326	0.0
77.96880006790161	1.0
84.04219150543213	1.0
26.882588863372803	1.0
-22.18332290649414	0.0
-26.774680614471436	0.0
-41.25528335571289	0.0
73.46199750900269	1.0
-87.9936695098877	0.0
86.7995023727417	1.0
-32.21524953842163	0.0
-19.100725650787354	0.0
69.0418004989624	1.0
58.75744819641113	1.0
59.38671827316284	1.0
-31.373512744903564	0.0
-99.99008178710938	0.0
29.586946964263916	1.0
-85.4942798614502	0.0
-53.97001504898071	0.0
-30.616211891174316	0.0
-36.409711837768555	0.0
-8.65180492401123	0.0
-74.93377923965454	0.0
-97.41557836532593	0.0
99.2063045501709	1.0
60.05895137786865	1.0
-22.653687000274658	0.0
-35.00819206237793	0.0
65.01439809799194	1.0
-91.53121709823608	0.0
-92.83726215362549	0.0
55.29204607009888	1.0
-24.84288215637207	0.0
49.832046031951904	1.0
57.423949241638184	1.0
-9.345519542694092	0.0
95.01876831054688	1.0
2.73745059967041	1.0
-92.8390622138977	0.0
25.49072504043579	1.0
-83.18078517913818	0.0
-17.078101634979248	0.0
-45.977067947387695	0.0
-94.04091835021973	0.0
41.745615005493164	1.0
93.05951595306396	1.0
11.215102672576904	1.0
-87.78331279754639	0.0
-33.2750678062439	0.0
91.20397567749023	1.0
-95.57268619537354	0.0
9.195756912231445	1.0
-95.39380073547363	0.0
89.29504156112671	1.0
21.468758583068848	1.0
-15.120410919189453	0.0
-69.40364837646484	0.0
-11.71649694442749	0.0
89.97243642807007	1.0
-9.17651653289795	0.0
-46.9953179359436	0.0
-35.30769348144531	0.0
30.29714822769165	1.0
94.43289041519165	1.0
-81.12187385559082	0.0
2.437102794647217	1.0
46.399521827697754	1.0
31.67548179626465	1.0
-33.840179443359375	0.0
44.3487286567688	1.0
46.441054344177246	1.0
85.85495948791504	1.0
75.51836967468262	1.0
-31.868577003479004	0.0
22.12752103805542	1.0
-33.55681896209717	0.0
-31.930792331695557	0.0
-96.0291862487793	0.0
-51.69808864593506	0.0
93.18130016326904	1.0
-43.13434362411499	0.0
-76.10855102539062	0.0
-9.33603048324585	0.0
68.77628564834595	1.0
-91.20075702667236	0.0
14.846324920654297	1.0
-66.41709804534912	0.0
-80.12335300445557	0.0
-86.21370792388916	0.0
97.5467324256897	1.0
-99.22481775283813	0.0
-46.231842041015625	0.0
-58.856046199798584	0.0
61.074113845825195	1.0
9.150969982147217	1.0
21.084511280059814	1.0
55.63035011291504	1.0
36.68607473373413	1.0
50.44717788696289	1.0
40.57173728942871	1.0
97.47655391693115	1.0
49.647438526153564	1.0
48.224544525146484	1.0
52.09615230560303	1.0
-57.5268030166626	0.0
18.849611282348633	1.0
98.46842288970947	1.0
-51.166462898254395	0.0
-16.093015670776367	0.0
63.24329376220703	1.0
19.217538833618164	1.0
-24.6271014213562	0.0
53.12352180480957	1.0
10.262811183929443	1.0
19.40244436264038	1.0
75.40080547332764	1.0
-88.11105489730835	0.0
-42.68089532852173	0.0
-29.72341775894165	0.0
76.504647731781	1.0
-41.024208068847656	0.0
52.93461084365845	1.0
-78.72649431228638	0.0
-73.42100143432617	0.0
-47.52182960510254	0.0
-43.62841844558716	0.0
-28.857576847076416	0.0
-86.99382543563843	0.0
-59.55144166946411	0.0
-82.98555612564087	0.0
-98.11973571777344	0.0
-13.042247295379639	0.0
21.31030559539795	1.0
-39.983534812927246	0.0
6.8108439445495605	1.0
3.9038777351379395	1.0
9.608674049377441	1.0
-98.19326400756836	0.0
-17.22034215927124	0.0
-34.49150323867798	0.0
-41.67381525039673	0.0
-49.714112281799316	0.0
13.510167598724365	1.0
66.93809032440186	1.0
-96.96899652481079	0.0
-28.96479368209839	0.0
29.621613025665283	1.0
-75.04806518554688	0.0
64.9686336517334	1.0
15.13758897781372	1.0
45.64288854598999	1.0
56.105780601501465	1.0
4.535162448883057	1.0
-40.97253084182739	0.0
14.002382755279541	1.0
-61.4008903503418	0.0
-74.60875511169434	0.0
-47.080039978027344	0.0
51.96075439453125	1.0
-5.9586286544799805	0.0
7.560014724731445	1.0
95.8094835281372	1.0
94.04922723770142	1.0
44.39244270324707	1.0
35.83756685256958	1.0
27.215969562530518	1.0
57.945406436920166	1.0
-95.51006555557251	0.0
38.057494163513184	1.0
-86.73731088638306	0.0
4.924297332763672	1.0
69.19412612915039	1.0
-77.97243595123291	0.0
22.082555294036865	1.0
57.27107524871826	1.0
-70.37545442581177	0.0
-87.67737150192261	0.0
31.160759925842285	1.0
21.42893075942993	1.0
-79.13826704025269	0.0
-5.109691619873047	0.0
-13.856780529022217	0.0
33.26796293258667	1.0
12.745857238769531	1.0
79.82336282730103	1.0
16.55024290084839	1.0
-62.93497085571289	0.0
-23.434817790985107	0.0
-3.7918806076049805	0.0
88.03836107254028	1.0
71.68649435043335	1.0
11.969137191772461	1.0
-26.931285858154297	0.0
85.34252643585205	1.0
69.39539909362793	1.0
-23.836588859558105	0.0
-92.80862808227539	0.0
63.897716999053955	1.0
-84.06318426132202	0.0
-24.96882677078247	0.0
23.60483407974243	1.0
71.66100740432739	1.0
-35.92119216918945	0.0
43.28266382217407	1.0
-79.37543392181396	0.0
-5.888807773590088	0.0
64.63916301727295	1.0
76.67150497436523	1.0
51.72004699707031	1.0
38.01920413970947	1.0
-32.43294954299927	0.0
77.6850938796997	1.0
-74.50265884399414	0.0
-20.796513557434082	0.0
-75.37257671356201	0.0
-18.293261528015137	0.0
-0.29647350311279297	0.0
-93.65618228912354	0.0
-45.177626609802246	0.0
-6.106865406036377	0.0
50.945091247558594	1.0
-51.552021503448486	0.0
-48.24223518371582	0.0
74.12716150283813	1.0
-33.045148849487305	0.0
-75.45565366744995	0.0
80.08300065994263	1.0
-27.85743474960327	0.0
41.69869422912598	1.0
36.2699031829834	1.0
-90.48362970352173	0.0
-4.4817328453063965	0.0
24.763596057891846	1.0
73.141348361969	1.0
8.529925346374512	1.0
88.33162784576416	1.0
83.10329914093018	1.0
89.82566595077515	1.0
99.5453953742981	1.0
-16.51167869567871	0.0
-83.86948108673096	0.0
68.42154264450073	1.0
41.37320518493652	1.0
61.65841817855835	1.0
-61.882686614990234	0.0
-78.43154668807983	0.0
-90.72215557098389	0.0
85.60589551925659	1.0
-69.76394653320312	0.0
-48.08470010757446	0.0
91.01393222808838	1.0
-11.243093013763428	0.0
-34.47047472000122	0.0
-13.483679294586182	0.0
7.788801193237305	1.0
-5.233573913574219	0.0
-94.27566528320312	0.0
-82.33813047409058	0.0
-60.43146848678589	0.0
73.51620197296143	1.0
23.046505451202393	1.0
36.1821174621582	1.0
-75.76407194137573	0.0
-27.034449577331543	0.0
24.754798412322998	1.0
20.323681831359863	1.0
-61.60225868225098	0.0
-14.082539081573486	0.0
61.63216829299927	1.0
10.94062328338623	1.0
-4.480171203613281	0.0
-87.76469230651855	0.0
-8.107566833496094	0.0
-66.80506467819214	0.0
-9.011304378509521	0.0
99.55182075500488	1.0
69.94606256484985	1.0
-41.237640380859375	0.0
57.81078338623047	1.0
8.472752571105957	1.0
-97.13071584701538	0.0
16.563212871551514	1.0
22.857534885406494	1.0
95.52026987075806	1.0
-71.47589921951294	0.0
62.64103651046753	1.0
24.731099605560303	1.0
78.3534049987793	1.0
-77.09496021270752	0.0
64.29336071014404	1.0
55.87625503540039	1.0
-90.73084592819214	0.0
-26.663923263549805	0.0
46.08042240142822	1.0
80.89773654937744	1.0
-63.870322704315186	0.0
37.741029262542725	1.0
-74.22794103622437	0.0
69.50600147247314	1.0
-64.90364074707031	0.0
58.02714824676514	1.0
-49.099040031433105	0.0
-33.67418050765991	0.0
-56.47883415222168	0.0
-69.91528272628784	0.0
-83.27728509902954	0.0
52.96602249145508	1.0
15.96672534942627	1.0
-91.23173952102661	0.0
77.43291854858398	1.0
-66.43061637878418	0.0
71.19154930114746	1.0
68.8555121421814	1.0
83.70245695114136	1.0
-32.104599475860596	0.0
-98.67367744445801	0.0
-41.01907014846802	0.0
74.27574396133423	1.0
-71.09172344207764	0.0
61.374616622924805	1.0
21.36836051940918	1.0
-39.108967781066895	0.0
68.33885908126831	1.0
-76.45876407623291	0.0
53.45458984375	1.0
-49.8096227645874	0.0
-36.73607110977173	0.0
92.93966293334961	1.0
14.956307411193848	1.0
33.83686542510986	1.0
85.43020486831665	1.0
-31.668508052825928	0.0
73.78945350646973	1.0
36.87698841094971	1.0
41.97216033935547	1.0
-72.48631715774536	0.0
-74.49212074279785	0.0
-37.166786193847656	0.0
19.732820987701416	1.0
-52.31213569641113	0.0
96.21895551681519	1.0
-28.877031803131104	0.0
77.15606689453125	1.0
99.97560977935791	1.0
29.928147792816162	1.0
-31.85904026031494	0.0
66.21991395950317	1.0
12.372219562530518	1.0
67.9309606552124	1.0
78.2955527305603	1.0
75.23422241210938	1.0
-66.87924861907959	0.0
78.87868881225586	1.0
-78.91052961349487	0.0
84.7509503364563	1.0
90.4564380645752	1.0
60.44834852218628	1.0
-28.68804931640625	0.0
-21.04160785675049	0.0
-54.81466054916382	0.0
-44.51419115066528	0.0
-23.4948992729187	0.0
44.44000720977783	1.0
2.167379856109619	1.0
58.032429218292236	1.0
-80.46420812606812	0.0
-2.9966354370117188	0.0
67.73401498794556	1.0
-9.845376014709473	0.0
-36.93583011627197	0.0
-41.711974143981934	0.0
50.428760051727295	1.0
-77.71646976470947	0.0
35.39326190948486	1.0
-59.4477653503418	0.0
24.814140796661377	1.0
43.903183937072754	1.0
99.59383010864258	1.0
-33.678436279296875	0.0
-34.216415882110596	0.0
-16.459369659423828	0.0
52.232372760772705	1.0
67.23133325576782	1.0
-76.3705849647522	0.0
10.611772537231445	1.0
0.652158260345459	1.0
-8.923721313476562	0.0
-89.75569009780884	0.0
49.17837381362915	1.0
34.50000286102295	1.0
87.62739896774292	1.0
6.044888496398926	1.0
-13.703465461730957	0.0
-31.145966053009033	0.0
-72.88753986358643	0.0
94.15807723999023	1.0
93.26775074005127	1.0
51.580071449279785	1.0
-25.80282688140869	0.0
3.4010767936706543	1.0
1.1123895645141602	1.0
-43.49801540374756	0.0
61.47705316543579	1.0
93.74315738677979	1.0
55.8497428894043	1.0
-31.956803798675537	0.0
-85.1552963256836	0.0
-42.93111562728882	0.0
-98.32427501678467	0.0
-28.502702713012695	0.0
21.90021276473999	1.0
-69.38796043395996	0.0
-44.17240619659424	0.0
86.97177171707153	1.0
24.82149600982666	1.0
-44.29831504821777	0.0
-76.98336839675903	0.0
87.27459907531738	1.0
-71.99642658233643	0.0
-63.726139068603516	0.0
-36.44514083862305	0.0
45.780766010284424	1.0
48.44154119491577	1.0
99.63434934616089	1.0
2.1392107009887695	1.0
35.150861740112305	1.0
-37.279462814331055	0.0
-52.697861194610596	0.0
-45.59561014175415	0.0
-48.00063371658325	0.0
48.0211615562439	1.0
21.745920181274414	1.0
-30.669879913330078	0.0
60.859620571136475	1.0
34.0420126914978	1.0
77.21316814422607	1.0
64.14875984191895	1.0
-58.1801176071167	0.0
-4.22290563583374	0.0
46.25530242919922	1.0
-81.90264701843262	0.0
-5.310368537902832	0.0
-45.67244052886963	0.0
93.25017929077148	1.0
21.937310695648193	1.0
-56.472885608673096	0.0
-86.00585460662842	0.0
64.32974338531494	1.0
82.58270025253296	1.0
-47.72765636444092	0.0
-78.52822542190552	0.0
-64.34903144836426	0.0
24.332749843597412	1.0
58.29035043716431	1.0
-21.82537317276001	0.0
74.40694570541382	1.0
80.68770170211792	1.0
79.72992658615112	1.0
-41.015779972076416	0.0
-9.403932094573975	0.0
54.98849153518677	1.0
-5.002093315124512	0.0
-49.84701871871948	0.0
22.84533977508545	1.0
11.097919940948486	1.0
77.18091011047363	1.0
49.807608127593994	1.0
-36.904311180114746	0.0
-96.68811559677124	0.0
79.47771549224854	1.0
6.1629414558410645	1.0
-51.38864517211914	0.0
73.64166975021362	1.0
-87.86464929580688	0.0
-17.519700527191162	0.0
-19.18320655822754	0.0
-67.39722490310669	0.0
-87.08062171936035	0.0
-48.732101917266846	0.0
87.04644441604614	1.0
84.35558080673218	1.0
44.33159828186035	1.0
55.928993225097656	1.0
-31.599700450897217	0.0
-35.36417484283447	0.0
-93.86531114578247	0.0
-51.25459432601929	0.0
-26.764893531799316	0.0
86.66696548461914	1.0
-48.11556339263916	0.0
26.64632797241211	1.0
-3.10288667678833	0.0
23.577499389648438	1.0
49.541401863098145	1.0
-40.90907573699951	0.0
17.799603939056396	1.0
65.55776596069336	1.0
-33.73681306838989	0.0
-53.183627128601074	0.0
-29.588568210601807	0.0
-19.36396360397339	0.0
93.77307891845703	1.0
-78.95268201828003	0.0
32.410216331481934	1.0
23.432636260986328	1.0
-65.74422121047974	0.0
56.83032274246216	1.0
-71.86509370803833	0.0
-70.24307250976562	0.0
94.43308115005493	1.0
-63.492655754089355	0.0
-72.74487018585205	0.0
13.603425025939941	1.0
74.8558521270752	1.0
-29.615581035614014	0.0
90.76265096664429	1.0
77.80824899673462	1.0
0.10037422180175781	1.0
32.074034214019775	1.0
83.37078094482422	1.0
1.3204693794250488	1.0
81.64016008377075	1.0
-59.31907892227173	0.0
84.73535776138306	1.0
-9.687209129333496	0.0
61.98127269744873	1.0
-75.14100074768066	0.0
2.5778889656066895	1.0
8.840620517730713	1.0
-0.08672475814819336	0.0
81.98404312133789	1.0
-34.140169620513916	0.0
76.68261528015137	1.0
-55.359816551208496	0.0
0.42095184326171875	1.0
-81.64949417114258	0.0
-51.28756761550903	0.0
-79.22128438949585	0.0
-22.20553159713745	0.0
-93.89549493789673	0.0
64.96915817260742	1.0
83.28092098236084	1.0
-68.55881214141846	0.0
-48.91935586929321	0.0
1.9150376319885254	1.0
25.06638765335083	1.0
-75.24981498718262	0.0
89.66766595840454	1.0
74.71528053283691	1.0
67.5980806350708	1.0
70.51020860671997	1.0
49.667441844940186	1.0
-14.150333404541016	0.0
-34.572649002075195	0.0
-24.603426456451416	0.0
86.85668706893921	1.0
65.66078662872314	1.0
-84.27764177322388	0.0
75.30994415283203	1.0
58.833909034729004	1.0
-54.94600534439087	0.0
18.29049587249756	1.0
-15.45255184173584	0.0
-33.64996910095215	0.0
87.00894117355347	1.0
7.649040222167969	1.0
7.103884220123291	1.0
-30.744969844818115	0.0
85.02047061920166	1.0
70.9355115890503	1.0
28.60952615737915	1.0
-66.81466102600098	0.0
94.45844888687134	1.0
-21.373605728149414	0.0
31.87788724899292	1.0
-86.68724298477173	0.0
-79.3014645576477	0.0
-41.580140590667725	0.0
-13.508784770965576	0.0
-10.34860610961914	0.0
28.451871871948242	1.0
-69.11360025405884	0.0
-29.250919818878174	0.0
-98.30567836761475	0.0
38.27340602874756	1.0
-93.23030710220337	0.0
83.65609645843506	1.0
39.69545364379883	1.0
-10.267293453216553	0.0
-71.14431858062744	0.0
-3.9954066276550293	0.0
37.213218212127686	1.0
3.6445140838623047	1.0
56.42920732498169	1.0
-24.855220317840576	0.0
80.68763017654419	1.0
13.72675895690918	1.0
-5.460929870605469	0.0
78.28266620635986	1.0
-2.6513218879699707	0.0
37.80711889266968	1.0
4.3106794357299805	1.0
20.465469360351562	1.0
76.61257982254028	1.0
-65.41203260421753	0.0
66.18353128433228	1.0
37.93835639953613	1.0
-81.99222087860107	0.0
-81.43268823623657	0.0
88.77648115158081	1.0
3.554201126098633	1.0
-37.741899490356445	0.0
-29.277265071868896	0.0
10.214543342590332	1.0
-78.68127822875977	0.0
4.676353931427002	1.0
16.274476051330566	1.0
88.89169692993164	1.0
-8.038246631622314	0.0
-34.637272357940674	0.0
44.624459743499756	1.0
91.41125679016113	1.0
-84.79654788970947	0.0
2.1788477897644043	1.0
-70.06419897079468	0.0
61.01381778717041	1.0
90.54843187332153	1.0
-54.84975576400757	0.0
14.729797840118408	1.0
83.76010656356812	1.0
62.15198040008545	1.0
-74.56419467926025	0.0
15.545964241027832	1.0
96.69613838195801	1.0
-6.494557857513428	0.0
-74.38690662384033	0.0
89.02260065078735	1.0
81.15851879119873	1.0
59.12133455276489	1.0
26.773393154144287	1.0
57.59007930755615	1.0
-0.8884429931640625	0.0
-56.69960975646973	0.0
19.453084468841553	1.0
-83.08664560317993	0.0
-15.257084369659424	0.0
29.380595684051514	1.0
12.435126304626465	1.0
-0.5185842514038086	0.0
15.31209945678711	1.0
13.519179821014404	1.0
11.664998531341553	1.0
40.970754623413086	1.0
31.759774684906006	1.0
-73.71883392333984	0.0
-46.676790714263916	0.0
-58.88160467147827	0.0
-9.171783924102783	0.0
24.23328161239624	1.0
52.202308177948	1.0
70.64965963363647	1.0
12.975668907165527	1.0
-44.16792392730713	0.0
68.14166307449341	1.0
58.25563669204712	1.0
-24.842464923858643	0.0
-28.83094549179077	0.0
-76.71961784362793	0.0
-13.004767894744873	0.0
76.10541582107544	1.0
59.38413143157959	1.0
25.919389724731445	1.0
30.948853492736816	1.0
98.76456260681152	1.0
86.21102571487427	1.0
61.340200901031494	1.0
79.5943021774292	1.0
-87.81883716583252	0.0
38.03274631500244	1.0
-75.49556493759155	0.0
-36.35827302932739	0.0
4.421210289001465	1.0
-51.6666054725647	0.0
18.25937032699585	1.0
67.39952564239502	1.0
79.37763929367065	1.0
-81.04175329208374	0.0
-17.16761589050293	0.0
88.24561834335327	1.0
-41.871654987335205	0.0
52.44990587234497	1.0
29.006993770599365	1.0
-2.1724939346313477	0.0
3.6658644676208496	1.0
-66.60114526748657	0.0
-34.4673752784729	0.0
63.53566646575928	1.0
5.126786231994629	1.0
-54.02493476867676	0.0
57.36498832702637	1.0
52.647387981414795	1.0
-61.845386028289795	0.0
71.88657522201538	1.0
-48.39062690734863	0.0
-43.60988140106201	0.0
43.1668758392334	1.0
36.80691719055176	1.0
55.384790897369385	1.0
-69.7938323020935	0.0
11.663317680358887	1.0
-90.18508195877075	0.0
-13.685870170593262	0.0
74.44672584533691	1.0
-61.84582710266113	0.0
61.23859882354736	1.0
-88.35694789886475	0.0
-93.63526105880737	0.0
27.73289680480957	1.0
-46.21176719665527	0.0
29.246437549591064	1.0
-56.40568733215332	0.0
57.18468427658081	1.0
9.626591205596924	1.0
36.086297035217285	1.0
5.377638339996338	1.0
-2.6166319847106934	0.0
-48.1781005859375	0.0
91.72747135162354	1.0
14.124107360839844	1.0
97.47787714004517	1.0
-71.71645164489746	0.0
-24.50881004333496	0.0
87.45557069778442	1.0
-53.17070484161377	0.0
-55.29536008834839	0.0
80.18211126327515	1.0
59.358060359954834	1.0
-23.35941791534424	0.0
-77.36800909042358	0.0
-35.572636127471924	0.0
-86.75116300582886	0.0
27.134346961975098	1.0
-95.24662494659424	0.0
-57.51389265060425	0.0
-59.71195697784424	0.0
-69.55161094665527	0.0
-26.18175745010376	0.0
-59.81241464614868	0.0
-20.82446813583374	0.0
-94.9937105178833	0.0
65.67373275756836	1.0
-74.61352348327637	0.0
-31.783103942871094	0.0
-67.08917617797852	0.0
-39.723074436187744	0.0
-67.51329898834229	0.0
25.242674350738525	1.0
-34.3546986579895	0.0
7.212233543395996	1.0
86.8767261505127	1.0
-49.47257041931152	0.0
-90.50865173339844	0.0
34.28616523742676	1.0
90.73859453201294	1.0
86.88889741897583	1.0
-70.11398077011108	0.0
50.86909532546997	1.0
-72.48088121414185	0.0
49.82352256774902	1.0
-33.07631015777588	0.0
8.70349407196045	1.0
-58.59476327896118	0.0
-34.01437997817993	0.0
-73.33506345748901	0.0
-63.387131690979004	0.0
76.0920763015747	1.0
16.07764959335327	1.0
-51.34037733078003	0.0
90.52541255950928	1.0
82.31436014175415	1.0
77.11764574050903	1.0
-21.48352861404419	0.0
-44.089484214782715	0.0
-73.92973899841309	0.0
21.47834300994873	1.0
-24.692261219024658	0.0
-28.2568097114563	0.0
-70.05473375320435	0.0
25.53919553756714	1.0
-7.149612903594971	0.0
-50.4672646522522	0.0
-71.0545539855957	0.0
-27.33865976333618	0.0
98.2603669166565	1.0
-27.865850925445557	0.0
79.43429946899414	1.0
25.618374347686768	1.0
-84.00287628173828	0.0
49.75384473800659	1.0
-46.25065326690674	0.0
48.06877374649048	1.0
21.79173231124878	1.0
82.7149748802185	1.0
-74.17817115783691	0.0
-97.05535173416138	0.0
44.432222843170166	1.0
56.45674467086792	1.0
35.906994342803955	1.0
64.17368650436401	1.0
-96.43270969390869	0.0
-74.06061887741089	0.0
-1.5953302383422852	0.0
-51.73320770263672	0.0
39.431846141815186	1.0
-49.3522047996521	0.0
-9.444260597229004	0.0
-12.899184226989746	0.0
97.28729724884033	1.0
-51.705145835876465	0.0
-4.452002048492432	0.0
-44.94779109954834	0.0
-80.00372648239136	0.0
35.93742847442627	1.0
-75.05977153778076	0.0
-23.320257663726807	0.0
-53.39289903640747	0.0
-4.39150333404541	0.0
43.78700256347656	1.0
74.94118213653564	1.0
-68.03193092346191	0.0
-7.790267467498779	0.0
-52.42506265640259	0.0
70.30355930328369	1.0
46.40669822692871	1.0
81.21287822723389	1.0
57.52769708633423	1.0
-52.53716707229614	0.0
10.4081392288208	1.0
74.05269145965576	1.0
30.89388608932495	1.0
-19.57705020904541	0.0
41.20488166809082	1.0
83.21820497512817	1.0
-4.537379741668701	0.0
-19.386708736419678	0.0
-39.014267921447754	0.0
86.8980884552002	1.0
27.59619951248169	1.0
-61.35234832763672	0.0
76.17961168289185	1.0
21.933746337890625	1.0
89.53887224197388	1.0
-94.25780773162842	0.0
-69.75946426391602	0.0
-3.054213523864746	0.0
13.818144798278809	1.0
95.72645425796509	1.0
-1.1157035827636719	0.0
79.16747331619263	1.0
46.207547187805176	1.0
-54.271912574768066	0.0
1.9708991050720215	1.0
79.18771505355835	1.0
31.17581605911255	1.0
43.707215785980225	1.0
-65.4703140258789	0.0
-33.226704597473145	0.0
64.99353647232056	1.0
-87.372887134552	0.0
-61.48102283477783	0.0
-72.50036001205444	0.0
-34.950363636016846	0.0
38.93430233001709	1.0
-79.36257123947144	0.0
83.68415832519531	1.0
74.78320598602295	1.0
45.57442665100098	1.0
-53.52637767791748	0.0
-41.25334024429321	0.0
-98.52503538131714	0.0
22.183215618133545	1.0
97.78649806976318	1.0
5.330550670623779	1.0
-52.74147987365723	0.0
-70.89791297912598	0.0
99.73938465118408	1.0
-66.20118618011475	0.0
-84.97740030288696	0.0
-31.19046688079834	0.0
21.863770484924316	1.0
-64.4484281539917	0.0
20.3887939453125	1.0
51.89552307128906	1.0
-10.19432544708252	0.0
-84.81173515319824	0.0
62.97478675842285	1.0
-93.7711238861084	0.0
79.26348447799683	1.0
53.41066122055054	1.0
-26.663124561309814	0.0
9.470140933990479	1.0
30.206000804901123	1.0
37.048327922821045	1.0
-48.661160469055176	0.0
-15.51429033279419	0.0
30.114388465881348	1.0
79.05148267745972	1.0
29.62353229522705	1.0
2.236354351043701	1.0
72.55394458770752	1.0
-45.933616161346436	0.0
-55.74401617050171	0.0
-67.317795753479	0.0
99.76564645767212	1.0
25.595498085021973	1.0
60.30561923980713	1.0
56.87744617462158	1.0
-74.21529293060303	0.0
11.33812665939331	1.0
-15.533530712127686	0.0
-16.50782823562622	0.0
72.6913332939148	1.0
80.81114292144775	1.0
-92.62868165969849	0.0
-38.040781021118164	0.0
52.85332202911377	1.0
63.21667432785034	1.0
89.32240009307861	1.0
-11.85230016708374	0.0
-41.1311149597168	0.0
53.18403244018555	1.0
5.089724063873291	1.0
-47.27509021759033	0.0
97.77346849441528	1.0
31.229496002197266	1.0
-20.72162628173828	0.0
-86.92432641983032	0.0
-79.29551601409912	0.0
27.104389667510986	1.0
-88.57276439666748	0.0
-35.653746128082275	0.0
68.13071966171265	1.0
69.43225860595703	1.0
5.078756809234619	1.0
46.833956241607666	1.0
60.705769062042236	1.0
-77.59906053543091	0.0
33.571839332580566	1.0
-42.28653907775879	0.0
68.59160661697388	1.0
-84.57069396972656	0.0
-12.172210216522217	0.0
-77.18157768249512	0.0
96.94771766662598	1.0
2.1529793739318848	1.0
-34.436964988708496	0.0
-2.7104854583740234	0.0
-66.53119325637817	0.0
-9.93586778640747	0.0
-51.835787296295166	0.0
-34.706759452819824	0.0
-29.754042625427246	0.0
-18.406105041503906	0.0
10.76897382736206	1.0
48.3302116394043	1.0
39.575183391571045	1.0
11.665177345275879	1.0
-41.56360626220703	0.0
-60.81579923629761	0.0
-29.481852054595947	0.0
-64.16091918945312	0.0
83.73255729675293	1.0
81.75537586212158	1.0
90.87423086166382	1.0
-20.76442241668701	0.0
81.45372867584229	1.0
-20.21784782409668	0.0
-50.018107891082764	0.0
-97.04005718231201	0.0
40.05551338195801	1.0
-37.94083595275879	0.0
-88.99227380752563	0.0
62.01353073120117	1.0
-59.51812267303467	0.0
-59.446167945861816	0.0
-49.403250217437744	0.0
-79.23165559768677	0.0
20.497500896453857	1.0
33.17135572433472	1.0
-75.80181360244751	0.0
17.175734043121338	1.0
-22.790420055389404	0.0
58.1426739692688	1.0
-24.485647678375244	0.0
34.84286069869995	1.0
88.88875246047974	1.0
70.88650465011597	1.0
-39.29481506347656	0.0
81.44268989562988	1.0
7.44171142578125	1.0
66.20758771896362	1.0
9.853339195251465	1.0
-84.60534811019897	0.0
90.25746583938599	1.0
-15.817344188690186	0.0
50.01927614212036	1.0
2.4646639823913574	1.0
86.86237335205078	1.0
66.08047485351562	1.0
47.424888610839844	1.0
-64.44472074508667	0.0
-0.34633874893188477	0.0
-11.485099792480469	0.0
-45.670342445373535	0.0
-34.464991092681885	0.0
-8.670759201049805	0.0
-22.764146327972412	0.0
67.43625402450562	1.0
37.83911466598511	1.0
-32.966017723083496	0.0
-14.888381958007812	0.0
-81.72764778137207	0.0
9.386205673217773	1.0
18.018698692321777	1.0
-24.662840366363525	0.0
84.4760537147522	1.0
29.072141647338867	1.0
-44.694602489471436	0.0
-55.58815002441406	0.0
1.2959003448486328	1.0
-52.22756862640381	0.0
51.73757076263428	1.0
-34.96592044830322	0.0
-68.68788003921509	0.0
86.54186725616455	1.0
-21.35295867919922	0.0
-20.646238327026367	0.0
29.594171047210693	1.0
-41.21133089065552	0.0
98.89143705368042	1.0
41.38684272766113	1.0
-4.82940673828125	0.0
-81.05539083480835	0.0
-16.243958473205566	0.0
-77.92482376098633	0.0
-51.39775276184082	0.0
-15.087783336639404	0.0
-88.20874691009521	0.0
49.642086029052734	1.0
89.97275829315186	1.0
65.14827013015747	1.0
91.19728803634644	1.0
16.659128665924072	1.0
-78.44541072845459	0.0
15.819799900054932	1.0
72.54788875579834	1.0
-86.73783540725708	0.0
64.31931257247925	1.0
51.37982368469238	1.0
9.378254413604736	1.0
3.56673002243042	1.0
-56.73186779022217	0.0
-31.124329566955566	0.0
85.73578596115112	1.0
19.788479804992676	1.0
-21.513569355010986	0.0
-65.21104574203491	0.0
36.12682819366455	1.0
-16.83828830718994	0.0
71.72449827194214	1.0
-78.150475025177	0.0
-27.736937999725342	0.0
25.6250262260437	1.0
72.70466089248657	1.0
-19.632697105407715	0.0
-99.18204545974731	0.0
64.34874534606934	1.0
-60.72012186050415	0.0
-47.051942348480225	0.0
-41.10952615737915	0.0
1.7264723777770996	1.0
-44.805824756622314	0.0
16.153109073638916	1.0
-97.60422706604004	0.0
67.32252836227417	1.0
45.78119516372681	1.0
-76.84081792831421	0.0
13.118171691894531	1.0
7.67054557800293	1.0
-60.86398363113403	0.0
-3.3028364181518555	0.0
-39.788150787353516	0.0
-52.4941086769104	0.0
26.561856269836426	1.0
67.92571544647217	1.0
54.302334785461426	1.0
-45.31214237213135	0.0
-29.35234308242798	0.0
46.84211015701294	1.0
87.32751607894897	1.0
52.09910869598389	1.0
90.23603200912476	1.0
-41.2434458732605	0.0
-47.67650365829468	0.0
77.55435705184937	1.0
94.65707540512085	1.0
-79.83149290084839	0.0
-8.117127418518066	0.0
26.777219772338867	1.0
-56.64567947387695	0.0
-74.51543807983398	0.0
14.268386363983154	1.0
-74.63318109512329	0.0
-40.31587839126587	0.0
-12.336599826812744	0.0
-11.645984649658203	0.0
-77.44719982147217	0.0
66.95033311843872	1.0
-87.10098266601562	0.0
17.881500720977783	1.0
27.80165672302246	1.0
81.81436061859131	1.0
-49.26556348800659	0.0
-70.98400592803955	0.0
-17.018747329711914	0.0
76.04024410247803	1.0
-54.884982109069824	0.0
-58.525729179382324	0.0
-49.69052076339722	0.0
54.46704626083374	1.0
96.03190422058105	1.0
66.31385087966919	1.0
9.180235862731934	1.0
-63.63798379898071	0.0
39.71211910247803	1.0
-8.367252349853516	0.0
29.41519021987915	1.0
-62.0735764503479	0.0
-34.145963191986084	0.0
-44.636690616607666	0.0
39.70695734024048	1.0
34.37836170196533	1.0
35.574984550476074	1.0
-18.99867057800293	0.0
-89.65680599212646	0.0
28.34221124649048	1.0
-74.39776659011841	0.0
-35.95491647720337	0.0
80.65017461776733	1.0
-36.84018850326538	0.0
14.904427528381348	1.0
-45.5324649810791	0.0
-2.5402069091796875	0.0
-80.49947023391724	0.0
-92.2084093093872	0.0
-82.82132148742676	0.0
-11.857831478118896	0.0
19.612038135528564	1.0
-42.498934268951416	0.0
5.280518531799316	1.0
17.02796220779419	1.0
33.492136001586914	1.0
-20.72089910507202	0.0
-14.736580848693848	0.0
7.565963268280029	1.0
-97.01892137527466	0.0
-44.39126253128052	0.0
-6.36972188949585	0.0
-16.630160808563232	0.0
90.1959776878357	1.0
-79.9889326095581	0.0
90.99267721176147	1.0
-86.81925535202026	0.0
83.61446857452393	1.0
55.120849609375	1.0
-41.16097688674927	0.0
-89.39828872680664	0.0
-84.65750217437744	0.0
42.05780029296875	1.0
97.00336456298828	1.0
36.049795150756836	1.0
-24.38185214996338	0.0
-37.186241149902344	0.0
79.69381809234619	1.0
-78.66371870040894	0.0
-35.85691452026367	0.0
64.8144006729126	1.0
25.331103801727295	1.0
70.7053542137146	1.0
78.2825231552124	1.0
17.11527109146118	1.0
11.836719512939453	1.0
41.68053865432739	1.0
21.565234661102295	1.0
-87.69245147705078	0.0
-66.03838205337524	0.0
59.7093939781189	1.0
93.42502355575562	1.0
-72.60651588439941	0.0
34.53296422958374	1.0
81.32498264312744	1.0
-91.93706512451172	0.0
-90.41386842727661	0.0
-3.4708738327026367	0.0
-11.491501331329346	0.0
92.4614667892456	1.0
-70.14857530593872	0.0
31.721973419189453	1.0
-91.96579456329346	0.0
-41.383397579193115	0.0
79.43973541259766	1.0
71.95032835006714	1.0
-91.05796813964844	0.0
-4.658997058868408	0.0
91.41683578491211	1.0
41.41652584075928	1.0
-79.23436164855957	0.0
-19.710087776184082	0.0
82.74250030517578	1.0
-57.762157917022705	0.0
51.24934911727905	1.0
-48.913025856018066	0.0
-72.18458652496338	0.0
-50.695908069610596	0.0
42.18851327896118	1.0
-87.57344484329224	0.0
-72.05395698547363	0.0
-29.984724521636963	0.0
9.889733791351318	1.0
-81.7449688911438	0.0
-97.03223705291748	0.0
63.59609365463257	1.0
-0.3761768341064453	0.0
81.86086416244507	1.0
54.88079786300659	1.0
-27.46816873550415	0.0
-33.65523815155029	0.0
-50.04434585571289	0.0
-68.07922124862671	0.0
-13.025975227355957	0.0
-78.22349071502686	0.0
66.0527229309082	1.0
24.716031551361084	1.0
92.39950180053711	1.0
29.578375816345215	1.0
0.4384160041809082	1.0
