Europe	Asia	Africa	NorthAmerica	Africaner	Portugal	SOTO	Spain	Suisse	Thailand	USAB	USAW	ZULU	male	female	PUSA	PUSB	PUSC	SSPIA	SSPIB	SSPIC	SSPID	!Age
1	0	0	0	0	1	0	0	0	0	0	0	0	1	0	1	1	1	1	2	1	1	19
1	0	0	0	0	1	0	0	0	0	0	0	0	1	0	1	1	1	1	1	1	1	19
1	0	0	0	0	1	0	0	0	0	0	0	0	0	1	1	1	1	1	2	1	1	20
1	0	0	0	0	1	0	0	0	0	0	0	0	1	0	1	1	1	2	2	1	1	20
1	0	0	0	0	1	0	0	0	0	0	0	0	1	0	1	1	1	2	1	1	1	20
1	0	0	0	0	1	0	0	0	0	0	0	0	1	0	1	1	1	2	1	1	1	21
1	0	0	0	0	1	0	0	0	0	0	0	0	1	0	1	1	1	2	1	1	1	21
1	0	0	0	0	1	0	0	0	0	0	0	0	0	1	1	1	1	2	1	1	1	21
1	0	0	0	0	1	0	0	0	0	0	0	0	0	1	1	1	1	1	1	1	1	21
1	0	0	0	0	1	0	0	0	0	0	0	0	1	0	1	1	1	2	3	1	1	22
1	0	0	0	0	1	0	0	0	0	0	0	0	0	1	2	2	1	1	1	2	1	24
1	0	0	0	0	1	0	0	0	0	0	0	0	0	1	1	1	1	2	2	2	1	25
1	0	0	0	0	1	0	0	0	0	0	0	0	0	1	1	1	1	2	2	1	1	25
1	0	0	0	0	1	0	0	0	0	0	0	0	0	1	1	1	1	2	1	2	1	25
1	0	0	0	0	1	0	0	0	0	0	0	0	0	1	1	1	1	1	1	1	1	26
1	0	0	0	0	1	0	0	0	0	0	0	0	0	1	1	1	1	1	1	2	1	26
1	0	0	0	0	1	0	0	0	0	0	0	0	1	0	2	1	1	1	2	2	1	26
1	0	0	0	0	1	0	0	0	0	0	0	0	1	0	2	2	1	1	2	1	1	26
1	0	0	0	0	1	0	0	0	0	0	0	0	0	1	3	3	1	1	2	1	2	27
1	0	0	0	0	1	0	0	0	0	0	0	0	1	0	2	2	1	1	1	1	1	28
1	0	0	0	0	1	0	0	0	0	0	0	0	1	0	3	2	1	1	1	1	1	28
1	0	0	0	0	1	0	0	0	0	0	0	0	0	1	2	2	1	2	1	1	1	29
1	0	0	0	0	1	0	0	0	0	0	0	0	0	1	3	3	1	2	1	1	1	29
1	0	0	0	0	1	0	0	0	0	0	0	0	0	1	2	3	1	2	1	1	1	30
1	0	0	0	0	1	0	0	0	0	0	0	0	1	0	3	2	1	2	2	1	1	30
1	0	0	0	0	1	0	0	0	0	0	0	0	1	0	3	2	1	2	2	2	1	30
1	0	0	0	0	1	0	0	0	0	0	0	0	0	1	3	2	1	2	2	2	2	30
1	0	0	0	0	1	0	0	0	0	0	0	0	0	1	3	2	1	2	2	1	1	30
1	0	0	0	0	1	0	0	0	0	0	0	0	0	1	2	2	1	2	2	2	2	30
1	0	0	0	0	1	0	0	0	0	0	0	0	0	1	3	2	1	2	1	2	2	30
1	0	0	0	0	1	0	0	0	0	0	0	0	1	0	3	2	1	2	4	2	1	32
1	0	0	0	0	1	0	0	0	0	0	0	0	1	0	3	2	1	2	2	2	1	32
1	0	0	0	0	1	0	0	0	0	0	0	0	0	1	2	2	1	1	2	1	1	32
1	0	0	0	0	1	0	0	0	0	0	0	0	0	1	2	1	1	1	1	1	1	33
1	0	0	0	0	1	0	0	0	0	0	0	0	1	0	2	1	1	2	2	2	1	34
1	0	0	0	0	1	0	0	0	0	0	0	0	1	0	3	3	1	2	2	2	1	34
1	0	0	0	0	1	0	0	0	0	0	0	0	0	1	2	2	1	2	1	2	1	34
1	0	0	0	0	1	0	0	0	0	0	0	0	1	0	3	2	1	2	1	1	1	35
1	0	0	0	0	1	0	0	0	0	0	0	0	1	0	3	2	1	2	2	2	1	37
1	0	0	0	0	1	0	0	0	0	0	0	0	1	0	3	3	1	2	2	1	1	37
1	0	0	0	0	1	0	0	0	0	0	0	0	0	1	3	3	2	2	2	1	2	38
1	0	0	0	0	1	0	0	0	0	0	0	0	0	1	1	3	1	2	2	1	2	38
1	0	0	0	0	1	0	0	0	0	0	0	0	1	0	3	1	1	2	2	1	1	38
1	0	0	0	0	1	0	0	0	0	0	0	0	1	0	3	1	1	2	2	2	1	38
1	0	0	0	0	1	0	0	0	0	0	0	0	0	1	2	3	1	2	4	2	1	38
1	0	0	0	0	1	0	0	0	0	0	0	0	0	1	2	3	1	2	4	1	1	38
1	0	0	0	0	1	0	0	0	0	0	0	0	0	1	3	2	1	2	2	1	1	39
1	0	0	0	0	1	0	0	0	0	0	0	0	1	0	3	2	1	2	1	2	2	39
1	0	0	0	0	1	0	0	0	0	0	0	0	1	0	3	2	1	2	2	2	2	39
1	0	0	0	0	1	0	0	0	0	0	0	0	0	1	3	2	1	2	4	2	2	39
1	0	0	0	0	1	0	0	0	0	0	0	0	1	0	2	3	1	2	2	1	1	39
1	0	0	0	0	1	0	0	0	0	0	0	0	1	0	2	1	1	2	2	1	1	40
1	0	0	0	0	1	0	0	0	0	0	0	0	1	0	2	1	1	1	2	2	1	40
1	0	0	0	0	1	0	0	0	0	0	0	0	0	1	3	3	1	2	3	2	1	40
1	0	0	0	0	1	0	0	0	0	0	0	0	0	1	3	2	1	2	2	2	1	40
1	0	0	0	0	1	0	0	0	0	0	0	0	0	1	3	3	1	2	3	1	1	40
1	0	0	0	0	1	0	0	0	0	0	0	0	1	0	3	3	1	2	2	1	1	41
1	0	0	0	0	1	0	0	0	0	0	0	0	1	0	3	3	1	2	2	2	1	42
1	0	0	0	0	1	0	0	0	0	0	0	0	1	0	3	3	1	1	2	1	1	42
1	0	0	0	0	1	0	0	0	0	0	0	0	0	1	3	3	2	2	2	1	2	42
1	0	0	0	0	1	0	0	0	0	0	0	0	1	0	3	3	1	1	2	1	1	43
1	0	0	0	0	1	0	0	0	0	0	0	0	1	0	3	2	1	1	2	1	1	43
1	0	0	0	0	1	0	0	0	0	0	0	0	1	0	3	2	1	2	2	1	1	43
1	0	0	0	0	1	0	0	0	0	0	0	0	0	1	3	3	1	2	3	2	2	43
1	0	0	0	0	1	0	0	0	0	0	0	0	0	1	3	3	1	2	3	2	1	43
1	0	0	0	0	1	0	0	0	0	0	0	0	0	1	3	2	1	2	3	2	2	43
1	0	0	0	0	1	0	0	0	0	0	0	0	0	1	3	2	1	1	3	1	2	43
1	0	0	0	0	1	0	0	0	0	0	0	0	0	1	3	3	1	1	2	1	1	45
1	0	0	0	0	1	0	0	0	0	0	0	0	0	1	3	2	1	1	2	1	1	45
1	0	0	0	0	1	0	0	0	0	0	0	0	1	0	3	3	1	2	4	2	1	46
1	0	0	0	0	1	0	0	0	0	0	0	0	0	1	3	3	2	2	4	1	2	46
1	0	0	0	0	1	0	0	0	0	0	0	0	0	1	3	3	2	2	4	1	1	46
1	0	0	0	0	1	0	0	0	0	0	0	0	0	1	3	2	1	2	4	2	2	46
1	0	0	0	0	1	0	0	0	0	0	0	0	0	1	3	2	1	2	3	2	2	46
1	0	0	0	0	1	0	0	0	0	0	0	0	1	0	3	2	1	2	2	1	1	46
1	0	0	0	0	1	0	0	0	0	0	0	0	1	0	3	3	1	2	3	1	1	46
1	0	0	0	0	1	0	0	0	0	0	0	0	1	0	3	2	1	2	4	2	1	48
1	0	0	0	0	1	0	0	0	0	0	0	0	1	0	3	3	1	2	4	2	1	48
1	0	0	0	0	1	0	0	0	0	0	0	0	1	0	3	3	1	2	3	1	1	49
1	0	0	0	0	1	0	0	0	0	0	0	0	1	0	3	3	1	2	2	2	2	49
1	0	0	0	0	1	0	0	0	0	0	0	0	1	0	3	2	1	1	2	2	2	49
1	0	0	0	0	1	0	0	0	0	0	0	0	0	1	2	2	1	2	2	2	2	49
1	0	0	0	0	1	0	0	0	0	0	0	0	0	1	3	3	1	2	2	2	2	49
1	0	0	0	0	1	0	0	0	0	0	0	0	1	0	3	3	1	2	2	2	2	50
1	0	0	0	0	1	0	0	0	0	0	0	0	1	0	3	2	1	2	2	2	2	50
1	0	0	0	0	1	0	0	0	0	0	0	0	0	1	3	3	1	2	4	2	1	52
1	0	0	0	0	1	0	0	0	0	0	0	0	0	1	3	3	1	2	4	2	2	52
1	0	0	0	0	1	0	0	0	0	0	0	0	1	0	3	2	2	2	4	2	1	52
1	0	0	0	0	1	0	0	0	0	0	0	0	0	1	3	2	1	2	3	2	2	52
1	0	0	0	0	1	0	0	0	0	0	0	0	0	1	3	3	1	2	4	2	1	52
1	0	0	0	0	1	0	0	0	0	0	0	0	0	1	3	3	1	1	4	2	2	52
1	0	0	0	0	1	0	0	0	0	0	0	0	0	1	3	3	1	2	4	2	1	53
1	0	0	0	0	1	0	0	0	0	0	0	0	0	1	3	2	1	2	4	2	1	53
1	0	0	0	0	1	0	0	0	0	0	0	0	0	1	3	3	1	2	3	2	2	53
1	0	0	0	0	1	0	0	0	0	0	0	0	1	0	3	3	1	2	4	1	1	54
1	0	0	0	0	1	0	0	0	0	0	0	0	1	0	3	3	1	2	4	2	1	54
1	0	0	0	0	1	0	0	0	0	0	0	0	1	0	3	2	1	2	3	2	2	54
1	0	0	0	0	1	0	0	0	0	0	0	0	1	0	3	2	1	2	4	2	2	54
1	0	0	0	0	1	0	0	0	0	0	0	0	0	1	3	2	1	2	3	2	2	54
1	0	0	0	0	1	0	0	0	0	0	0	0	0	1	3	2	1	2	2	2	2	54
1	0	0	0	0	1	0	0	0	0	0	0	0	0	1	3	3	1	2	2	2	2	54
1	0	0	0	0	1	0	0	0	0	0	0	0	0	1	3	1	1	2	2	2	1	55
1	0	0	0	0	1	0	0	0	0	0	0	0	1	0	3	3	1	2	4	2	1	56
1	0	0	0	0	1	0	0	0	0	0	0	0	1	0	3	2	1	2	4	2	1	56
1	0	0	0	0	1	0	0	0	0	0	0	0	1	0	3	3	1	2	4	2	1	57
1	0	0	0	0	1	0	0	0	0	0	0	0	1	0	1	3	1	2	4	2	1	57
1	0	0	0	0	1	0	0	0	0	0	0	0	0	1	3	2	1	2	2	2	1	57
1	0	0	0	0	1	0	0	0	0	0	0	0	0	1	3	2	1	1	2	1	1	57
1	0	0	0	0	1	0	0	0	0	0	0	0	0	1	2	2	1	2	4	2	1	58
1	0	0	0	0	1	0	0	0	0	0	0	0	0	1	3	3	1	2	4	2	1	58
1	0	0	0	0	1	0	0	0	0	0	0	0	0	1	3	3	1	2	2	2	1	58
1	0	0	0	0	1	0	0	0	0	0	0	0	0	1	3	3	1	2	4	1	1	58
1	0	0	0	0	1	0	0	0	0	0	0	0	0	1	3	2	1	2	4	1	1	58
1	0	0	0	0	1	0	0	0	0	0	0	0	1	0	3	2	1	2	2	2	1	59
1	0	0	0	0	1	0	0	0	0	0	0	0	0	1	3	2	2	2	4	2	2	59
1	0	0	0	0	1	0	0	0	0	0	0	0	0	1	3	2	2	2	4	2	1	59
1	0	0	0	0	1	0	0	0	0	0	0	0	1	0	3	2	1	2	4	2	2	59
1	0	0	0	0	1	0	0	0	0	0	0	0	1	0	3	2	1	2	4	2	2	59
1	0	0	0	0	1	0	0	0	0	0	0	0	0	1	4	2	1	2	4	2	2	60
1	0	0	0	0	1	0	0	0	0	0	0	0	0	1	4	2	1	2	2	1	2	60
1	0	0	0	0	1	0	0	0	0	0	0	0	1	0	3	3	1	1	3	2	2	60
1	0	0	0	0	1	0	0	0	0	0	0	0	1	0	3	3	2	1	3	2	2	60
1	0	0	0	0	1	0	0	0	0	0	0	0	0	1	3	3	1	2	4	2	2	62
1	0	0	0	0	1	0	0	0	0	0	0	0	0	1	3	2	1	2	4	2	1	62
1	0	0	0	0	1	0	0	0	0	0	0	0	0	1	3	3	1	2	4	2	1	62
1	0	0	0	0	1	0	0	0	0	0	0	0	1	0	3	3	1	2	2	1	1	62
1	0	0	0	0	1	0	0	0	0	0	0	0	1	0	3	2	1	2	3	2	1	62
1	0	0	0	0	1	0	0	0	0	0	0	0	0	1	3	2	2	2	4	2	2	62
1	0	0	0	0	1	0	0	0	0	0	0	0	0	1	3	2	2	1	4	1	1	62
1	0	0	0	0	1	0	0	0	0	0	0	0	0	1	3	2	2	2	4	2	1	62
1	0	0	0	0	1	0	0	0	0	0	0	0	1	0	3	3	2	2	4	2	1	63
1	0	0	0	0	1	0	0	0	0	0	0	0	1	0	3	3	1	2	4	2	2	63
1	0	0	0	0	1	0	0	0	0	0	0	0	1	0	3	2	1	2	4	2	1	64
1	0	0	0	0	1	0	0	0	0	0	0	0	1	0	3	3	1	2	4	2	1	64
1	0	0	0	0	1	0	0	0	0	0	0	0	0	1	3	3	1	2	4	2	2	64
1	0	0	0	0	1	0	0	0	0	0	0	0	0	1	3	3	1	2	3	2	2	64
1	0	0	0	0	1	0	0	0	0	0	0	0	0	1	3	2	2	2	4	2	1	65
1	0	0	0	0	1	0	0	0	0	0	0	0	1	0	3	3	1	2	4	2	2	65
1	0	0	0	0	1	0	0	0	0	0	0	0	1	0	3	3	1	2	4	2	1	65
1	0	0	0	0	1	0	0	0	0	0	0	0	0	1	3	3	2	2	4	2	1	65
1	0	0	0	0	1	0	0	0	0	0	0	0	1	0	3	3	1	2	4	2	2	65
1	0	0	0	0	1	0	0	0	0	0	0	0	1	0	3	2	1	2	4	2	1	65
1	0	0	0	0	1	0	0	0	0	0	0	0	0	1	3	2	1	2	3	2	1	66
1	0	0	0	0	1	0	0	0	0	0	0	0	0	1	3	2	1	2	2	2	1	66
1	0	0	0	0	1	0	0	0	0	0	0	0	1	0	3	2	1	2	4	2	2	68
1	0	0	0	0	1	0	0	0	0	0	0	0	0	1	2	2	2	2	3	2	2	68
1	0	0	0	0	1	0	0	0	0	0	0	0	0	1	2	2	1	1	2	2	2	68
1	0	0	0	0	1	0	0	0	0	0	0	0	1	0	3	3	2	2	3	2	2	69
1	0	0	0	0	1	0	0	0	0	0	0	0	0	1	2	2	1	2	4	1	1	69
1	0	0	0	0	1	0	0	0	0	0	0	0	0	1	3	3	1	2	4	1	1	69
1	0	0	0	0	1	0	0	0	0	0	0	0	1	0	3	2	1	2	4	1	1	70
1	0	0	0	0	1	0	0	0	0	0	0	0	1	0	3	3	1	2	4	1	1	70
1	0	0	0	0	1	0	0	0	0	0	0	0	1	0	3	2	1	2	4	2	1	71
1	0	0	0	0	1	0	0	0	0	0	0	0	1	0	3	3	1	2	4	2	1	71
1	0	0	0	0	1	0	0	0	0	0	0	0	0	1	2	3	1	2	4	2	2	73
1	0	0	0	0	1	0	0	0	0	0	0	0	0	1	2	3	1	2	4	2	2	73
1	0	0	0	0	1	0	0	0	0	0	0	0	0	1	3	3	1	2	4	2	1	75
1	0	0	0	0	1	0	0	0	0	0	0	0	0	1	3	3	1	2	4	2	1	82
1	0	0	0	0	1	0	0	0	0	0	0	0	0	1	3	2	1	2	4	2	1	82
1	0	0	0	0	1	0	0	0	0	0	0	0	0	1	4	3	2	2	4	2	1	83
1	0	0	0	0	1	0	0	0	0	0	0	0	0	1	3	3	1	2	4	2	1	83
1	0	0	0	0	1	0	0	0	0	0	0	0	1	0	3	3	1	2	4	2	2	96
1	0	0	0	0	0	0	1	0	0	0	0	0	1	0	3	3	1	2	2	1	2	34
1	0	0	0	0	0	0	1	0	0	0	0	0	1	0	2	3	1	1	2	1	1	39
1	0	0	0	0	0	0	1	0	0	0	0	0	1	0	3	3	1	2	2	1	1	44
1	0	0	0	0	0	0	1	0	0	0	0	0	1	0	2	2	2	2	4	1	1	52
1	0	0	0	0	0	0	1	0	0	0	0	0	1	0	2	2	1	2	4	1	2	52
1	0	0	0	0	0	0	1	0	0	0	0	0	1	0	3	3	2	1	3	2	2	53
1	0	0	0	0	0	0	1	0	0	0	0	0	1	0	3	3	2	1	3	1	2	53
1	0	0	0	0	0	0	1	0	0	0	0	0	1	0	3	3	1	2	2	1	2	53
1	0	0	0	0	0	0	1	0	0	0	0	0	1	0	3	3	1	1	2	1	2	53
1	0	0	0	0	0	0	1	0	0	0	0	0	1	0	3	3	2	2	3	2	2	59
1	0	0	0	0	0	0	1	0	0	0	0	0	0	1	3	3	2	2	4	2	2	63
1	0	0	0	0	0	0	1	0	0	0	0	0	0	1	3	3	2	1	4	2	2	63
1	0	0	0	0	0	0	1	0	0	0	0	0	1	0	3	3	2	2	3	2	2	63
1	0	0	0	0	0	0	1	0	0	0	0	0	1	0	3	3	1	2	3	1	2	63
1	0	0	0	0	0	0	1	0	0	0	0	0	1	0	3	2	2	1	3	1	1	64
1	0	0	0	0	0	0	1	0	0	0	0	0	1	0	3	3	2	2	3	1	1	64
1	0	0	0	0	0	0	1	0	0	0	0	0	1	0	3	3	2	2	3	2	2	64
1	0	0	0	0	0	0	1	0	0	0	0	0	1	0	3	3	2	2	3	1	2	64
1	0	0	0	0	0	0	1	0	0	0	0	0	0	1	3	3	2	1	3	2	1	65
1	0	0	0	0	0	0	1	0	0	0	0	0	0	1	3	3	1	1	3	2	2	65
1	0	0	0	0	0	0	1	0	0	0	0	0	1	0	3	3	2	2	2	2	2	66
1	0	0	0	0	0	0	1	0	0	0	0	0	1	0	3	3	2	2	3	2	2	66
1	0	0	0	0	0	0	1	0	0	0	0	0	0	1	3	3	1	2	2	1	2	66
1	0	0	0	0	0	0	1	0	0	0	0	0	0	1	3	3	1	2	3	1	2	66
1	0	0	0	0	0	0	1	0	0	0	0	0	1	0	3	3	2	2	3	1	2	67
1	0	0	0	0	0	0	1	0	0	0	0	0	0	1	3	3	1	2	3	1	2	68
1	0	0	0	0	0	0	1	0	0	0	0	0	0	1	3	3	1	2	3	2	2	68
1	0	0	0	0	0	0	1	0	0	0	0	0	0	1	3	3	2	2	4	2	2	68
1	0	0	0	0	0	0	1	0	0	0	0	0	0	1	3	3	2	2	3	2	1	68
1	0	0	0	0	0	0	1	0	0	0	0	0	0	1	3	3	2	2	3	1	1	68
1	0	0	0	0	0	0	1	0	0	0	0	0	0	1	3	3	2	2	3	1	2	68
1	0	0	0	0	0	0	1	0	0	0	0	0	0	1	3	3	1	2	3	1	2	68
1	0	0	0	0	0	0	1	0	0	0	0	0	0	1	3	3	1	2	2	1	2	68
1	0	0	0	0	0	0	1	0	0	0	0	0	1	0	3	3	2	2	4	1	1	70
1	0	0	0	0	0	0	1	0	0	0	0	0	0	1	3	3	1	2	4	2	1	72
1	0	0	0	0	0	0	1	0	0	0	0	0	0	1	3	3	2	2	4	2	2	72
1	0	0	0	0	0	0	1	0	0	0	0	0	0	1	3	3	1	2	4	2	2	72
1	0	0	0	0	0	0	1	0	0	0	0	0	0	1	3	3	2	2	4	1	2	72
1	0	0	0	0	0	0	1	0	0	0	0	0	0	1	3	3	1	2	4	2	1	72
1	0	0	0	0	0	0	1	0	0	0	0	0	0	1	3	3	2	2	3	1	1	73
1	0	0	0	0	0	0	1	0	0	0	0	0	0	1	3	3	2	2	3	1	2	73
1	0	0	0	0	0	0	1	0	0	0	0	0	1	0	3	3	1	2	4	2	2	73
1	0	0	0	0	0	0	1	0	0	0	0	0	1	0	3	3	1	2	3	2	2	73
1	0	0	0	0	0	0	1	0	0	0	0	0	1	0	3	3	1	2	4	2	1	74
1	0	0	0	0	0	0	1	0	0	0	0	0	0	1	3	2	1	2	3	1	2	74
1	0	0	0	0	0	0	1	0	0	0	0	0	0	1	3	2	1	2	3	1	2	74
1	0	0	0	0	0	0	1	0	0	0	0	0	1	0	3	3	2	2	3	2	2	75
1	0	0	0	0	0	0	1	0	0	0	0	0	1	0	3	3	1	2	3	1	2	75
1	0	0	0	0	0	0	1	0	0	0	0	0	1	0	3	3	2	2	3	1	2	76
1	0	0	0	0	0	0	1	0	0	0	0	0	1	0	3	3	2	2	3	2	2	76
1	0	0	0	0	0	0	1	0	0	0	0	0	0	1	3	3	1	2	3	2	2	77
1	0	0	0	0	0	0	1	0	0	0	0	0	1	0	3	3	2	2	4	2	2	78
1	0	0	0	0	0	0	1	0	0	0	0	0	1	0	3	3	1	2	4	1	2	78
1	0	0	0	0	0	0	1	0	0	0	0	0	1	0	3	3	1	2	4	2	2	78
1	0	0	0	0	0	0	1	0	0	0	0	0	0	1	3	3	2	2	4	2	2	81
1	0	0	0	0	0	0	1	0	0	0	0	0	0	1	3	3	1	2	4	1	1	81
1	0	0	0	0	0	0	1	0	0	0	0	0	1	0	3	3	2	2	4	2	2	83
1	0	0	0	0	0	0	1	0	0	0	0	0	1	0	3	3	2	2	3	2	2	83
1	0	0	0	0	0	0	1	0	0	0	0	0	0	1	3	3	1	2	4	1	2	83
1	0	0	0	0	0	0	1	0	0	0	0	0	1	0	3	3	1	2	3	1	2	84
1	0	0	0	0	0	0	1	0	0	0	0	0	0	1	3	3	1	2	3	2	2	86
1	0	0	0	0	0	0	1	0	0	0	0	0	0	1	3	3	2	2	3	2	1	87
1	0	0	0	0	0	0	1	0	0	0	0	0	0	1	3	3	2	2	3	1	2	88
1	0	0	0	0	0	0	1	0	0	0	0	0	0	1	3	3	2	2	4	2	2	88
1	0	0	0	0	0	0	1	0	0	0	0	0	0	1	3	3	2	2	4	2	1	89
1	0	0	0	0	0	0	1	0	0	0	0	0	0	1	3	3	2	2	4	1	1	89
1	0	0	0	0	0	0	1	0	0	0	0	0	0	1	3	3	2	2	4	2	2	92
1	0	0	0	0	0	0	0	1	0	0	0	0	0	1	4	3	2	2	1	2	1	26
1	0	0	0	0	0	0	0	1	0	0	0	0	0	1	4	3	2	2	1	1	1	26
1	0	0	0	0	0	0	0	1	0	0	0	0	0	1	2	2	1	2	2	1	1	31
1	0	0	0	0	0	0	0	1	0	0	0	0	0	1	3	3	1	2	2	2	1	31
1	0	0	0	0	0	0	0	1	0	0	0	0	1	0	3	3	1	2	2	1	2	34
1	0	0	0	0	0	0	0	1	0	0	0	0	1	0	3	3	1	2	2	1	1	36
1	0	0	0	0	0	0	0	1	0	0	0	0	1	0	2	2	1	1	2	1	2	37
1	0	0	0	0	0	0	0	1	0	0	0	0	1	0	3	2	1	2	2	2	1	45
1	0	0	0	0	0	0	0	1	0	0	0	0	1	0	3	2	1	2	2	1	1	45
1	0	0	0	0	0	0	0	1	0	0	0	0	1	0	3	3	1	2	2	2	2	46
1	0	0	0	0	0	0	0	1	0	0	0	0	1	0	3	2	2	2	2	2	2	46
1	0	0	0	0	0	0	0	1	0	0	0	0	0	1	3	3	2	1	2	1	1	46
1	0	0	0	0	0	0	0	1	0	0	0	0	0	1	3	3	2	2	3	2	2	47
1	0	0	0	0	0	0	0	1	0	0	0	0	1	0	2	3	2	2	2	2	2	51
1	0	0	0	0	0	0	0	1	0	0	0	0	1	0	3	3	2	2	2	2	2	52
1	0	0	0	0	0	0	0	1	0	0	0	0	1	0	3	3	1	2	2	2	2	52
1	0	0	0	0	0	0	0	1	0	0	0	0	1	0	3	2	1	2	2	1	2	55
1	0	0	0	0	0	0	0	1	0	0	0	0	1	0	3	3	2	2	2	1	1	55
1	0	0	0	0	0	0	0	1	0	0	0	0	0	1	3	3	2	2	2	1	2	57
1	0	0	0	0	0	0	0	1	0	0	0	0	1	0	3	3	2	2	2	2	2	58
1	0	0	0	0	0	0	0	1	0	0	0	0	0	1	3	3	2	2	3	1	1	60
1	0	0	0	0	0	0	0	1	0	0	0	0	0	1	3	2	2	2	3	1	1	60
1	0	0	0	0	0	0	0	1	0	0	0	0	0	1	3	3	1	2	3	1	1	62
1	0	0	0	0	0	0	0	1	0	0	0	0	0	1	3	2	1	2	3	2	2	68
1	0	0	0	0	0	0	0	1	0	0	0	0	1	0	3	3	2	2	3	2	1	68
1	0	0	0	0	0	0	0	1	0	0	0	0	0	1	3	3	2	2	4	2	2	68
1	0	0	0	0	0	0	0	1	0	0	0	0	0	1	3	2	1	2	3	2	1	69
1	0	0	0	0	0	0	0	1	0	0	0	0	0	1	3	3	1	2	3	2	1	69
1	0	0	0	0	0	0	0	1	0	0	0	0	1	0	3	3	2	2	4	1	2	70
1	0	0	0	0	0	0	0	1	0	0	0	0	0	1	3	3	2	2	4	2	2	71
1	0	0	0	0	0	0	0	1	0	0	0	0	1	0	3	3	2	2	2	1	2	72
1	0	0	0	0	0	0	0	1	0	0	0	0	1	0	3	3	2	2	3	2	2	73
1	0	0	0	0	0	0	0	1	0	0	0	0	1	0	3	3	2	2	3	2	2	73
1	0	0	0	0	0	0	0	1	0	0	0	0	1	0	3	3	1	2	3	2	2	76
1	0	0	0	0	0	0	0	1	0	0	0	0	1	0	3	3	2	2	3	2	2	76
1	0	0	0	0	0	0	0	1	0	0	0	0	1	0	3	3	2	2	2	2	2	76
1	0	0	0	0	0	0	0	1	0	0	0	0	1	0	3	3	2	2	4	2	2	76
1	0	0	0	0	0	0	0	1	0	0	0	0	0	1	3	3	2	1	2	1	2	76
1	0	0	0	0	0	0	0	1	0	0	0	0	0	1	3	3	2	1	3	2	2	76
1	0	0	0	0	0	0	0	1	0	0	0	0	1	0	3	3	2	2	3	2	2	76
1	0	0	0	0	0	0	0	1	0	0	0	0	0	1	3	3	1	2	3	2	2	77
1	0	0	0	0	0	0	0	1	0	0	0	0	0	1	3	3	1	2	3	2	2	77
1	0	0	0	0	0	0	0	1	0	0	0	0	1	0	4	3	2	2	4	2	2	81
1	0	0	0	0	0	0	0	1	0	0	0	0	1	0	3	3	2	2	3	2	1	83
1	0	0	0	0	0	0	0	1	0	0	0	0	1	0	3	3	2	2	4	2	2	85
1	0	0	0	0	0	0	0	1	0	0	0	0	1	0	3	3	2	2	3	2	1	86
0	0	0	1	0	0	0	0	0	0	1	0	0	1	0	1	1	1	1	1	1	1	21
0	0	0	1	0	0	0	0	0	0	1	0	0	1	0	1	1	1	1	1	1	1	21
0	0	0	1	0	0	0	0	0	0	1	0	0	0	1	2	1	1	2	1	1	1	22
0	0	0	1	0	0	0	0	0	0	1	0	0	0	1	2	1	1	1	1	1	1	22
0	0	0	1	0	0	0	0	0	0	1	0	0	0	1	2	2	1	1	1	1	1	23
0	0	0	1	0	0	0	0	0	0	1	0	0	0	1	2	2	1	2	1	1	1	23
0	0	0	1	0	0	0	0	0	0	1	0	0	1	0	2	1	1	1	1	1	1	23
0	0	0	1	0	0	0	0	0	0	1	0	0	1	0	2	1	1	1	1	1	1	23
0	0	0	1	0	0	0	0	0	0	1	0	0	0	1	2	3	1	2	1	1	2	24
0	0	0	1	0	0	0	0	0	0	1	0	0	0	1	2	3	1	2	1	1	1	24
0	0	0	1	0	0	0	0	0	0	1	0	0	1	0	2	1	1	2	2	1	1	26
0	0	0	1	0	0	0	0	0	0	1	0	0	1	0	2	2	2	2	2	1	1	26
0	0	0	1	0	0	0	0	0	0	1	0	0	0	1	3	3	1	2	1	1	1	27
0	0	0	1	0	0	0	0	0	0	1	0	0	0	1	3	3	1	2	2	1	1	27
0	0	0	1	0	0	0	0	0	0	1	0	0	0	1	2	3	1	1	1	1	1	28
0	0	0	1	0	0	0	0	0	0	1	0	0	0	1	3	3	1	1	1	1	1	28
0	0	0	1	0	0	0	0	0	0	1	0	0	1	0	2	1	1	2	1	1	1	28
0	0	0	1	0	0	0	0	0	0	1	0	0	1	0	2	2	1	2	2	1	1	32
0	0	0	1	0	0	0	0	0	0	1	0	0	0	1	3	3	1	1	2	1	1	32
0	0	0	1	0	0	0	0	0	0	1	0	0	0	1	2	3	1	2	2	1	1	32
0	0	0	1	0	0	0	0	0	0	1	0	0	0	1	2	2	1	2	2	1	1	33
0	0	0	1	0	0	0	0	0	0	1	0	0	1	0	3	3	1	2	2	2	1	34
0	0	0	1	0	0	0	0	0	0	1	0	0	0	1	2	3	1	2	2	1	1	37
0	0	0	1	0	0	0	0	0	0	1	0	0	0	1	2	3	1	1	2	1	1	37
0	0	0	1	0	0	0	0	0	0	1	0	0	1	0	3	3	1	2	2	1	1	37
0	0	0	1	0	0	0	0	0	0	1	0	0	1	0	3	3	2	2	2	1	2	38
0	0	0	1	0	0	0	0	0	0	1	0	0	0	1	2	3	1	2	1	1	1	38
0	0	0	1	0	0	0	0	0	0	1	0	0	0	1	2	2	1	1	1	1	1	38
0	0	0	1	0	0	0	0	0	0	1	0	0	0	1	3	3	2	2	2	1	1	41
0	0	0	1	0	0	0	0	0	0	1	0	0	0	1	3	3	2	2	2	2	1	41
0	0	0	1	0	0	0	0	0	0	1	0	0	0	1	2	3	1	1	2	1	2	42
0	0	0	1	0	0	0	0	0	0	1	0	0	0	1	2	3	1	1	2	1	1	42
0	0	0	1	0	0	0	0	0	0	1	0	0	1	0	3	3	1	2	3	1	2	42
0	0	0	1	0	0	0	0	0	0	1	0	0	1	0	3	3	1	2	3	2	1	43
0	0	0	1	0	0	0	0	0	0	1	0	0	1	0	3	3	1	1	2	1	1	43
0	0	0	1	0	0	0	0	0	0	1	0	0	0	1	3	3	1	2	1	1	1	46
0	0	0	1	0	0	0	0	0	0	1	0	0	1	0	3	3	1	2	3	2	1	46
0	0	0	1	0	0	0	0	0	0	1	0	0	1	0	3	3	2	2	3	1	1	46
0	0	0	1	0	0	0	0	0	0	1	0	0	0	1	3	3	1	2	3	1	2	48
0	0	0	1	0	0	0	0	0	0	1	0	0	0	1	2	3	1	2	2	1	2	48
0	0	0	1	0	0	0	0	0	0	1	0	0	1	0	3	3	1	2	2	2	2	48
0	0	0	1	0	0	0	0	0	0	1	0	0	0	1	3	3	2	2	3	1	2	51
0	0	0	1	0	0	0	0	0	0	1	0	0	0	1	3	3	2	2	2	1	2	51
0	0	0	1	0	0	0	0	0	0	1	0	0	1	0	3	3	2	2	2	2	2	53
0	0	0	1	0	0	0	0	0	0	1	0	0	1	0	3	3	2	1	2	2	2	53
0	0	0	1	0	0	0	0	0	0	1	0	0	0	1	3	3	2	2	3	1	2	53
0	0	0	1	0	0	0	0	0	0	1	0	0	0	1	3	3	1	2	2	1	1	54
0	0	0	1	0	0	0	0	0	0	1	0	0	0	1	3	3	1	2	3	1	2	56
0	0	0	1	0	0	0	0	0	0	1	0	0	1	0	3	2	2	2	2	1	2	56
0	0	0	1	0	0	0	0	0	0	1	0	0	1	0	3	3	2	1	2	2	2	56
0	0	0	1	0	0	0	0	0	0	1	0	0	1	0	2	3	2	1	2	2	2	57
0	0	0	1	0	0	0	0	0	0	1	0	0	1	0	2	3	1	1	2	1	2	57
0	0	0	1	0	0	0	0	0	0	1	0	0	1	0	2	3	1	2	3	2	2	66
0	0	0	1	0	0	0	0	0	0	1	0	0	0	1	3	2	1	2	3	2	1	66
0	0	0	1	0	0	0	0	0	0	1	0	0	1	0	3	3	2	2	2	1	1	67
0	0	0	1	0	0	0	0	0	0	1	0	0	0	1	3	3	2	2	3	2	2	67
0	0	0	1	0	0	0	0	0	0	1	0	0	0	1	3	3	2	2	3	1	2	67
0	0	0	1	0	0	0	0	0	0	1	0	0	1	0	3	3	1	2	3	2	1	68
0	0	0	1	0	0	0	0	0	0	1	0	0	0	1	3	3	2	2	3	2	2	69
0	0	0	1	0	0	0	0	0	0	1	0	0	0	1	3	3	2	2	3	2	1	69
0	0	0	1	0	0	0	0	0	0	1	0	0	1	0	3	2	1	2	4	2	2	71
0	0	0	1	0	0	0	0	0	0	1	0	0	1	0	3	2	2	2	3	2	1	71
0	0	0	1	0	0	0	0	0	0	1	0	0	0	1	3	3	2	2	4	2	1	71
0	0	0	1	0	0	0	0	0	0	1	0	0	0	1	3	3	1	2	4	2	1	71
0	0	0	1	0	0	0	0	0	0	1	0	0	0	1	3	3	2	2	4	2	1	71
0	0	0	1	0	0	0	0	0	0	1	0	0	0	1	3	3	2	2	4	2	2	71
0	0	0	1	0	0	0	0	0	0	1	0	0	1	0	3	2	1	2	3	2	2	72
0	0	0	1	0	0	0	0	0	0	1	0	0	1	0	3	3	1	2	3	2	2	72
0	0	0	1	0	0	0	0	0	0	1	0	0	1	0	3	3	2	2	4	2	2	76
0	0	0	1	0	0	0	0	0	0	1	0	0	1	0	3	3	2	2	4	2	1	76
0	0	0	1	0	0	0	0	0	0	1	0	0	0	1	4	3	2	2	3	2	1	77
0	0	0	1	0	0	0	0	0	0	1	0	0	1	0	3	3	2	1	2	2	2	78
0	0	0	1	0	0	0	0	0	0	1	0	0	1	0	3	3	2	2	2	2	2	78
0	0	0	1	0	0	0	0	0	0	1	0	0	1	0	3	3	1	2	4	2	2	81
0	0	0	1	0	0	0	0	0	0	1	0	0	1	0	3	3	2	2	4	2	1	81
0	0	0	1	0	0	0	0	0	0	1	0	0	1	0	3	3	1	2	2	2	1	83
0	0	0	1	0	0	0	0	0	0	1	0	0	1	0	3	3	2	2	3	1	2	84
0	0	0	1	0	0	0	0	0	0	1	0	0	1	0	3	3	2	1	3	1	2	84
0	0	0	1	0	0	0	0	0	0	1	0	0	1	0	3	3	2	2	2	2	2	85
0	0	0	1	0	0	0	0	0	0	1	0	0	1	0	3	3	1	2	2	2	2	85
0	0	0	1	0	0	0	0	0	0	1	0	0	0	1	3	3	2	2	2	2	1	87
0	0	0	1	0	0	0	0	0	0	1	0	0	0	1	3	3	2	2	4	2	2	89
0	0	0	1	0	0	0	0	0	0	0	1	0	1	0	1	1	1	1	1	1	1	21
0	0	0	1	0	0	0	0	0	0	0	1	0	1	0	2	1	1	2	1	1	1	22
0	0	0	1	0	0	0	0	0	0	0	1	0	1	0	3	3	1	1	2	1	1	22
0	0	0	1	0	0	0	0	0	0	0	1	0	0	1	2	2	2	2	1	1	1	23
0	0	0	1	0	0	0	0	0	0	0	1	0	1	0	3	3	1	1	1	1	1	23
0	0	0	1	0	0	0	0	0	0	0	1	0	1	0	3	3	1	2	1	1	1	23
0	0	0	1	0	0	0	0	0	0	0	1	0	1	0	2	2	1	1	1	1	1	24
0	0	0	1	0	0	0	0	0	0	0	1	0	1	0	2	2	2	1	2	2	2	26
0	0	0	1	0	0	0	0	0	0	0	1	0	1	0	2	2	1	1	2	1	1	26
0	0	0	1	0	0	0	0	0	0	0	1	0	0	1	2	3	1	2	2	1	1	27
0	0	0	1	0	0	0	0	0	0	0	1	0	0	1	2	2	1	2	2	1	1	27
0	0	0	1	0	0	0	0	0	0	0	1	0	0	1	3	3	2	2	2	1	1	27
0	0	0	1	0	0	0	0	0	0	0	1	0	0	1	3	3	1	2	2	2	2	27
0	0	0	1	0	0	0	0	0	0	0	1	0	0	1	2	3	1	2	1	2	1	27
0	0	0	1	0	0	0	0	0	0	0	1	0	0	1	2	2	1	2	2	1	1	27
0	0	0	1	0	0	0	0	0	0	0	1	0	0	1	2	3	1	2	1	1	1	28
0	0	0	1	0	0	0	0	0	0	0	1	0	0	1	2	2	1	2	3	1	1	28
0	0	0	1	0	0	0	0	0	0	0	1	0	1	0	2	3	1	2	1	1	1	28
0	0	0	1	0	0	0	0	0	0	0	1	0	0	1	3	3	1	2	2	1	1	28
0	0	0	1	0	0	0	0	0	0	0	1	0	0	1	2	2	2	2	3	1	1	28
0	0	0	1	0	0	0	0	0	0	0	1	0	0	1	2	2	2	1	2	1	1	28
0	0	0	1	0	0	0	0	0	0	0	1	0	1	0	2	3	2	2	2	1	1	29
0	0	0	1	0	0	0	0	0	0	0	1	0	1	0	2	3	2	2	2	2	1	29
0	0	0	1	0	0	0	0	0	0	0	1	0	0	1	1	1	1	1	1	1	1	29
0	0	0	1	0	0	0	0	0	0	0	1	0	0	1	1	1	1	2	1	1	1	29
0	0	0	1	0	0	0	0	0	0	0	1	0	0	1	2	3	1	2	1	1	1	29
0	0	0	1	0	0	0	0	0	0	0	1	0	0	1	3	3	1	2	2	1	1	29
0	0	0	1	0	0	0	0	0	0	0	1	0	0	1	2	3	2	2	1	1	1	31
0	0	0	1	0	0	0	0	0	0	0	1	0	1	0	2	2	1	2	2	1	1	31
0	0	0	1	0	0	0	0	0	0	0	1	0	1	0	2	2	2	2	2	1	2	31
0	0	0	1	0	0	0	0	0	0	0	1	0	1	0	3	3	1	2	2	1	1	32
0	0	0	1	0	0	0	0	0	0	0	1	0	1	0	3	3	1	2	2	1	2	32
0	0	0	1	0	0	0	0	0	0	0	1	0	0	1	3	3	2	2	3	1	1	32
0	0	0	1	0	0	0	0	0	0	0	1	0	0	1	3	3	2	2	2	1	1	32
0	0	0	1	0	0	0	0	0	0	0	1	0	1	0	2	2	1	1	2	1	2	33
0	0	0	1	0	0	0	0	0	0	0	1	0	1	0	2	2	1	2	2	1	2	33
0	0	0	1	0	0	0	0	0	0	0	1	0	0	1	3	3	1	2	2	1	2	33
0	0	0	1	0	0	0	0	0	0	0	1	0	0	1	2	3	1	1	2	1	2	33
0	0	0	1	0	0	0	0	0	0	0	1	0	1	0	3	3	2	2	2	2	1	34
0	0	0	1	0	0	0	0	0	0	0	1	0	1	0	3	3	1	2	2	1	1	34
0	0	0	1	0	0	0	0	0	0	0	1	0	0	1	3	3	1	1	1	1	1	34
0	0	0	1	0	0	0	0	0	0	0	1	0	1	0	3	3	1	2	2	1	2	34
0	0	0	1	0	0	0	0	0	0	0	1	0	1	0	2	2	1	2	1	1	2	36
0	0	0	1	0	0	0	0	0	0	0	1	0	1	0	2	2	1	2	3	1	2	36
0	0	0	1	0	0	0	0	0	0	0	1	0	0	1	3	3	1	2	3	1	1	36
0	0	0	1	0	0	0	0	0	0	0	1	0	0	1	3	3	1	2	2	1	1	36
0	0	0	1	0	0	0	0	0	0	0	1	0	1	0	2	3	2	1	2	1	2	37
0	0	0	1	0	0	0	0	0	0	0	1	0	1	0	2	2	1	2	2	1	2	37
0	0	0	1	0	0	0	0	0	0	0	1	0	0	1	3	3	2	2	2	1	1	37
0	0	0	1	0	0	0	0	0	0	0	1	0	0	1	3	3	1	2	2	1	1	37
0	0	0	1	0	0	0	0	0	0	0	1	0	0	1	2	3	2	2	2	1	1	38
0	0	0	1	0	0	0	0	0	0	0	1	0	0	1	3	3	1	2	2	1	1	38
0	0	0	1	0	0	0	0	0	0	0	1	0	0	1	3	3	1	2	3	1	2	38
0	0	0	1	0	0	0	0	0	0	0	1	0	0	1	3	3	1	2	2	1	1	39
0	0	0	1	0	0	0	0	0	0	0	1	0	1	0	3	3	1	2	3	1	1	39
0	0	0	1	0	0	0	0	0	0	0	1	0	1	0	3	3	1	2	2	2	2	41
0	0	0	1	0	0	0	0	0	0	0	1	0	1	0	3	3	1	2	1	2	2	41
0	0	0	1	0	0	0	0	0	0	0	1	0	1	0	4	3	1	1	2	1	1	42
0	0	0	1	0	0	0	0	0	0	0	1	0	1	0	4	3	1	2	2	2	1	42
0	0	0	1	0	0	0	0	0	0	0	1	0	0	1	3	3	1	2	2	1	1	42
0	0	0	1	0	0	0	0	0	0	0	1	0	0	1	3	3	1	2	3	2	1	42
0	0	0	1	0	0	0	0	0	0	0	1	0	1	0	3	3	2	2	3	2	1	42
0	0	0	1	0	0	0	0	0	0	0	1	0	1	0	3	3	2	2	2	2	1	42
0	0	0	1	0	0	0	0	0	0	0	1	0	0	1	3	3	1	2	3	1	1	42
0	0	0	1	0	0	0	0	0	0	0	1	0	0	1	3	3	2	1	2	1	1	43
0	0	0	1	0	0	0	0	0	0	0	1	0	0	1	3	3	2	2	2	1	1	43
0	0	0	1	0	0	0	0	0	0	0	1	0	1	0	3	3	2	2	2	1	1	43
0	0	0	1	0	0	0	0	0	0	0	1	0	1	0	3	3	2	1	2	1	1	43
0	0	0	1	0	0	0	0	0	0	0	1	0	0	1	3	3	1	1	1	1	2	44
0	0	0	1	0	0	0	0	0	0	0	1	0	0	1	3	3	2	2	1	1	2	44
0	0	0	1	0	0	0	0	0	0	0	1	0	0	1	3	3	1	2	1	1	2	44
0	0	0	1	0	0	0	0	0	0	0	1	0	1	0	3	3	2	2	2	2	1	44
0	0	0	1	0	0	0	0	0	0	0	1	0	1	0	3	3	2	2	2	2	2	44
0	0	0	1	0	0	0	0	0	0	0	1	0	0	1	3	3	2	2	1	1	1	46
0	0	0	1	0	0	0	0	0	0	0	1	0	1	0	3	3	1	2	2	1	1	46
0	0	0	1	0	0	0	0	0	0	0	1	0	1	0	3	3	2	2	2	2	2	47
0	0	0	1	0	0	0	0	0	0	0	1	0	0	1	3	3	2	2	2	1	2	47
0	0	0	1	0	0	0	0	0	0	0	1	0	0	1	3	3	2	2	2	1	1	47
0	0	0	1	0	0	0	0	0	0	0	1	0	0	1	2	2	1	2	2	1	2	47
0	0	0	1	0	0	0	0	0	0	0	1	0	0	1	2	3	2	2	2	2	1	47
0	0	0	1	0	0	0	0	0	0	0	1	0	1	0	3	3	2	1	2	1	1	48
0	0	0	1	0	0	0	0	0	0	0	1	0	0	1	2	2	1	2	2	1	1	48
0	0	0	1	0	0	0	0	0	0	0	1	0	0	1	2	3	1	2	3	2	2	49
0	0	0	1	0	0	0	0	0	0	0	1	0	1	0	3	2	2	2	2	1	2	49
0	0	0	1	0	0	0	0	0	0	0	1	0	1	0	3	3	1	2	2	1	2	49
0	0	0	1	0	0	0	0	0	0	0	1	0	0	1	4	3	2	2	3	1	2	51
0	0	0	1	0	0	0	0	0	0	0	1	0	0	1	3	3	2	2	2	2	1	52
0	0	0	1	0	0	0	0	0	0	0	1	0	0	1	3	3	2	2	3	2	1	52
0	0	0	1	0	0	0	0	0	0	0	1	0	1	0	3	3	1	2	2	1	1	52
0	0	0	1	0	0	0	0	0	0	0	1	0	1	0	3	3	2	2	3	2	2	53
0	0	0	1	0	0	0	0	0	0	0	1	0	1	0	3	3	2	1	3	2	2	53
0	0	0	1	0	0	0	0	0	0	0	1	0	0	1	3	3	2	2	3	1	2	53
0	0	0	1	0	0	0	0	0	0	0	1	0	0	1	3	3	2	2	3	2	2	53
0	0	0	1	0	0	0	0	0	0	0	1	0	1	0	3	3	1	2	2	2	2	54
0	0	0	1	0	0	0	0	0	0	0	1	0	0	1	3	3	2	1	2	1	1	54
0	0	0	1	0	0	0	0	0	0	0	1	0	0	1	3	3	1	2	3	2	2	56
0	0	0	1	0	0	0	0	0	0	0	1	0	1	0	3	3	2	2	2	2	1	56
0	0	0	1	0	0	0	0	0	0	0	1	0	1	0	3	3	1	2	2	1	1	57
0	0	0	1	0	0	0	0	0	0	0	1	0	1	0	2	3	1	1	2	1	2	57
0	0	0	1	0	0	0	0	0	0	0	1	0	1	0	3	3	2	2	3	2	2	57
0	0	0	1	0	0	0	0	0	0	0	1	0	1	0	3	3	2	2	2	2	2	57
0	0	0	1	0	0	0	0	0	0	0	1	0	1	0	2	3	2	2	1	2	1	58
0	0	0	1	0	0	0	0	0	0	0	1	0	1	0	3	2	1	2	3	2	1	58
0	0	0	1	0	0	0	0	0	0	0	1	0	1	0	3	3	2	2	2	2	2	59
0	0	0	1	0	0	0	0	0	0	0	1	0	1	0	3	3	2	2	2	1	1	59
0	0	0	1	0	0	0	0	0	0	0	1	0	0	1	2	2	1	2	3	1	1	59
0	0	0	1	0	0	0	0	0	0	0	1	0	1	0	3	2	2	2	3	2	2	61
0	0	0	1	0	0	0	0	0	0	0	1	0	0	1	3	3	2	2	2	2	1	61
0	0	0	1	0	0	0	0	0	0	0	1	0	0	1	2	3	2	2	2	2	1	61
0	0	0	1	0	0	0	0	0	0	0	1	0	0	1	3	3	1	2	3	2	1	62
0	0	0	1	0	0	0	0	0	0	0	1	0	1	0	3	3	1	2	2	2	2	62
0	0	0	1	0	0	0	0	0	0	0	1	0	1	0	3	3	1	2	2	2	2	63
0	0	0	1	0	0	0	0	0	0	0	1	0	1	0	3	3	2	2	3	2	2	63
0	0	0	1	0	0	0	0	0	0	0	1	0	0	1	2	3	1	2	3	2	1	63
0	0	0	1	0	0	0	0	0	0	0	1	0	0	1	2	3	1	2	2	1	1	63
0	0	0	1	0	0	0	0	0	0	0	1	0	1	0	3	3	1	2	3	2	2	64
0	0	0	1	0	0	0	0	0	0	0	1	0	0	1	3	3	1	2	2	1	2	64
0	0	0	1	0	0	0	0	0	0	0	1	0	0	1	3	3	1	2	3	1	1	64
0	0	0	1	0	0	0	0	0	0	0	1	0	1	0	3	3	1	1	3	1	2	66
0	0	0	1	0	0	0	0	0	0	0	1	0	0	1	2	2	1	2	3	1	2	66
0	0	0	1	0	0	0	0	0	0	0	1	0	0	1	3	3	1	2	3	1	2	66
0	0	0	1	0	0	0	0	0	0	0	1	0	0	1	3	3	1	2	4	1	2	67
0	0	0	1	0	0	0	0	0	0	0	1	0	1	0	2	3	1	2	3	2	2	67
0	0	0	1	0	0	0	0	0	0	0	1	0	1	0	2	3	1	1	3	1	2	67
0	0	0	1	0	0	0	0	0	0	0	1	0	0	1	3	3	2	2	3	1	2	67
0	0	0	1	0	0	0	0	0	0	0	1	0	0	1	3	3	2	2	4	2	1	68
0	0	0	1	0	0	0	0	0	0	0	1	0	1	0	3	3	1	2	3	2	2	68
0	0	0	1	0	0	0	0	0	0	0	1	0	1	0	3	2	2	2	2	1	2	68
0	0	0	1	0	0	0	0	0	0	0	1	0	1	0	3	2	2	1	3	1	2	68
0	0	0	1	0	0	0	0	0	0	0	1	0	1	0	3	2	2	2	3	2	2	69
0	0	0	1	0	0	0	0	0	0	0	1	0	0	1	3	3	2	2	4	1	1	69
0	0	0	1	0	0	0	0	0	0	0	1	0	1	0	3	3	2	2	4	2	2	72
0	0	0	1	0	0	0	0	0	0	0	1	0	0	1	3	3	2	2	4	2	2	73
0	0	0	1	0	0	0	0	0	0	0	1	0	1	0	3	3	1	2	4	2	1	76
0	0	0	1	0	0	0	0	0	0	0	1	0	1	0	3	3	2	2	4	2	2	76
0	0	0	1	0	0	0	0	0	0	0	1	0	0	1	3	3	2	2	3	1	1	76
0	0	0	1	0	0	0	0	0	0	0	1	0	0	1	3	3	1	2	3	1	2	76
0	0	0	1	0	0	0	0	0	0	0	1	0	1	0	3	3	2	2	3	2	2	78
0	0	0	1	0	0	0	0	0	0	0	1	0	0	1	3	3	1	2	2	2	2	81
0	0	0	1	0	0	0	0	0	0	0	1	0	0	1	3	3	2	2	3	2	2	81
0	0	0	1	0	0	0	0	0	0	0	1	0	1	0	3	3	2	2	3	2	1	82
0	0	0	1	0	0	0	0	0	0	0	1	0	0	1	3	3	2	2	4	1	1	84
0	0	0	1	0	0	0	0	0	0	0	1	0	0	1	3	3	2	2	4	2	2	84
0	0	0	1	0	0	0	0	0	0	0	1	0	0	1	2	3	2	2	3	1	1	85
0	0	0	1	0	0	0	0	0	0	0	1	0	1	0	3	3	2	2	3	2	1	86
0	1	0	0	0	0	0	0	0	1	0	0	0	1	0	3	3	1	2	4	2	1	76
0	1	0	0	0	0	0	0	0	1	0	0	0	1	0	3	3	1	2	4	2	2	76
0	1	0	0	0	0	0	0	0	1	0	0	0	0	1	3	3	2	2	4	1	1	83
0	1	0	0	0	0	0	0	0	1	0	0	0	0	1	3	3	1	2	1	1	1	70
0	1	0	0	0	0	0	0	0	1	0	0	0	1	0	3	3	1	2	4	2	2	75
0	1	0	0	0	0	0	0	0	1	0	0	0	1	0	3	3	3	2	2	1	2	75
0	1	0	0	0	0	0	0	0	1	0	0	0	0	1	3	3	2	2	2	2	1	69
0	1	0	0	0	0	0	0	0	1	0	0	0	0	1	3	3	1	2	2	2	1	69
0	1	0	0	0	0	0	0	0	1	0	0	0	1	0	3	3	2	2	3	2	2	82
0	1	0	0	0	0	0	0	0	1	0	0	0	1	0	3	3	2	2	4	2	2	82
0	1	0	0	0	0	0	0	0	1	0	0	0	0	1	3	3	1	2	3	1	1	63
0	1	0	0	0	0	0	0	0	1	0	0	0	1	0	3	3	1	2	2	1	2	45
0	1	0	0	0	0	0	0	0	1	0	0	0	1	0	3	3	1	2	3	1	2	45
0	1	0	0	0	0	0	0	0	1	0	0	0	0	1	3	3	1	2	2	1	2	30
0	1	0	0	0	0	0	0	0	1	0	0	0	0	1	3	3	1	2	1	1	1	30
0	1	0	0	0	0	0	0	0	1	0	0	0	1	0	3	2	2	2	2	2	1	68
0	1	0	0	0	0	0	0	0	1	0	0	0	1	0	3	2	2	2	3	1	2	59
0	1	0	0	0	0	0	0	0	1	0	0	0	1	0	3	2	2	2	3	2	2	79
0	1	0	0	0	0	0	0	0	1	0	0	0	1	0	3	3	2	2	3	2	2	79
0	1	0	0	0	0	0	0	0	1	0	0	0	0	1	3	3	2	2	3	2	1	70
0	1	0	0	0	0	0	0	0	1	0	0	0	0	1	3	3	1	2	4	1	2	70
0	1	0	0	0	0	0	0	0	1	0	0	0	1	0	3	3	2	2	4	1	1	75
0	1	0	0	0	0	0	0	0	1	0	0	0	0	1	3	3	1	1	2	1	1	46
0	1	0	0	0	0	0	0	0	1	0	0	0	0	1	3	3	1	1	1	1	1	46
0	1	0	0	0	0	0	0	0	1	0	0	0	0	1	3	3	1	2	4	2	1	59
0	1	0	0	0	0	0	0	0	1	0	0	0	1	0	3	3	1	2	3	1	2	60
0	1	0	0	0	0	0	0	0	1	0	0	0	1	0	3	3	1	1	1	1	1	60
0	1	0	0	0	0	0	0	0	1	0	0	0	0	1	3	2	1	2	2	1	1	43
0	1	0	0	0	0	0	0	0	1	0	0	0	0	1	2	2	1	2	3	2	2	43
0	1	0	0	0	0	0	0	0	1	0	0	0	1	0	3	3	1	1	2	2	2	49
0	1	0	0	0	0	0	0	0	1	0	0	0	1	0	3	2	2	2	2	2	2	49
0	1	0	0	0	0	0	0	0	1	0	0	0	0	1	2	2	1	1	1	1	1	43
0	1	0	0	0	0	0	0	0	1	0	0	0	1	0	3	3	1	1	3	1	2	57
0	1	0	0	0	0	0	0	0	1	0	0	0	1	0	3	2	1	1	3	2	2	57
0	1	0	0	0	0	0	0	0	1	0	0	0	1	0	3	3	1	2	2	2	2	51
0	1	0	0	0	0	0	0	0	1	0	0	0	1	0	3	2	1	1	2	1	2	51
0	1	0	0	0	0	0	0	0	1	0	0	0	0	1	3	2	2	1	1	1	2	52
0	1	0	0	0	0	0	0	0	1	0	0	0	0	1	3	3	1	1	1	1	2	52
0	1	0	0	0	0	0	0	0	1	0	0	0	1	0	2	1	1	1	1	1	1	20
0	1	0	0	0	0	0	0	0	1	0	0	0	1	0	2	2	1	1	1	1	1	20
0	1	0	0	0	0	0	0	0	1	0	0	0	1	0	3	2	1	1	1	1	1	39
0	1	0	0	0	0	0	0	0	1	0	0	0	0	1	3	3	1	1	1	1	1	47
0	1	0	0	0	0	0	0	0	1	0	0	0	1	0	3	3	1	2	3	1	1	66
0	1	0	0	0	0	0	0	0	1	0	0	0	1	0	3	3	1	2	3	2	1	66
0	1	0	0	0	0	0	0	0	1	0	0	0	1	0	3	3	1	2	2	1	1	47
0	1	0	0	0	0	0	0	0	1	0	0	0	1	0	3	3	1	2	3	1	2	47
0	1	0	0	0	0	0	0	0	1	0	0	0	1	0	3	3	1	2	2	2	2	49
0	1	0	0	0	0	0	0	0	1	0	0	0	0	1	3	3	1	2	4	2	1	49
0	1	0	0	0	0	0	0	0	1	0	0	0	0	1	3	3	1	2	3	2	1	49
0	1	0	0	0	0	0	0	0	1	0	0	0	0	1	3	3	1	2	2	2	1	33
0	1	0	0	0	0	0	0	0	1	0	0	0	0	1	3	2	1	2	1	2	1	33
0	1	0	0	0	0	0	0	0	1	0	0	0	1	0	3	3	2	2	3	2	2	53
0	1	0	0	0	0	0	0	0	1	0	0	0	1	0	3	3	2	2	3	1	2	53
0	1	0	0	0	0	0	0	0	1	0	0	0	1	0	2	2	1	1	1	1	1	22
0	1	0	0	0	0	0	0	0	1	0	0	0	1	0	2	2	1	2	1	1	1	22
0	1	0	0	0	0	0	0	0	1	0	0	0	1	0	3	2	1	2	4	2	2	58
0	1	0	0	0	0	0	0	0	1	0	0	0	1	0	3	3	1	2	2	1	2	45
0	1	0	0	0	0	0	0	0	1	0	0	0	1	0	3	3	1	2	2	2	2	45
0	1	0	0	0	0	0	0	0	1	0	0	0	1	0	3	3	1	2	4	2	2	51
0	1	0	0	0	0	0	0	0	1	0	0	0	1	0	3	3	2	2	2	2	1	58
0	1	0	0	0	0	0	0	0	1	0	0	0	1	0	3	3	1	2	2	2	2	58
0	1	0	0	0	0	0	0	0	1	0	0	0	0	1	3	3	1	2	4	2	2	100
0	1	0	0	0	0	0	0	0	1	0	0	0	0	1	3	2	1	1	2	1	1	38
0	1	0	0	0	0	0	0	0	1	0	0	0	0	1	3	2	1	2	2	2	2	38
0	1	0	0	0	0	0	0	0	1	0	0	0	0	1	3	3	2	2	4	1	2	64
0	1	0	0	0	0	0	0	0	1	0	0	0	0	1	3	3	2	1	4	1	2	64
0	1	0	0	0	0	0	0	0	1	0	0	0	0	1	3	3	1	2	3	2	1	57
0	1	0	0	0	0	0	0	0	1	0	0	0	0	1	3	3	1	2	3	1	2	57
0	1	0	0	0	0	0	0	0	1	0	0	0	0	1	3	3	1	2	2	2	1	44
0	1	0	0	0	0	0	0	0	1	0	0	0	0	1	3	3	1	2	2	1	1	44
0	1	0	0	0	0	0	0	0	1	0	0	0	1	0	3	3	1	1	2	1	2	46
0	1	0	0	0	0	0	0	0	1	0	0	0	1	0	3	3	1	2	2	1	1	46
0	1	0	0	0	0	0	0	0	1	0	0	0	1	0	3	3	1	2	2	1	1	42
0	1	0	0	0	0	0	0	0	1	0	0	0	1	0	3	3	1	1	2	1	2	42
0	1	0	0	0	0	0	0	0	1	0	0	0	1	0	3	2	1	2	2	1	2	41
0	1	0	0	0	0	0	0	0	1	0	0	0	1	0	3	2	1	2	3	1	2	41
0	1	0	0	0	0	0	0	0	1	0	0	0	0	1	3	2	1	1	2	1	1	35
0	1	0	0	0	0	0	0	0	1	0	0	0	0	1	3	3	1	2	1	1	1	35
0	1	0	0	0	0	0	0	0	1	0	0	0	0	1	3	3	1	2	3	2	2	61
0	1	0	0	0	0	0	0	0	1	0	0	0	0	1	3	3	1	2	3	1	2	61
0	1	0	0	0	0	0	0	0	1	0	0	0	0	1	3	3	1	1	1	2	1	56
0	1	0	0	0	0	0	0	0	1	0	0	0	0	1	3	3	1	2	4	1	2	88
0	1	0	0	0	0	0	0	0	1	0	0	0	0	1	3	3	1	2	4	2	2	88
0	1	0	0	0	0	0	0	0	1	0	0	0	1	0	3	3	1	2	4	2	2	56
0	1	0	0	0	0	0	0	0	1	0	0	0	1	0	3	3	1	1	2	1	2	58
0	1	0	0	0	0	0	0	0	1	0	0	0	0	1	3	3	1	1	1	1	2	56
0	1	0	0	0	0	0	0	0	1	0	0	0	0	1	3	3	2	2	1	1	2	38
0	1	0	0	0	0	0	0	0	1	0	0	0	0	1	3	3	2	1	1	1	2	56
0	1	0	0	0	0	0	0	0	1	0	0	0	0	1	3	3	2	2	1	1	2	56
0	1	0	0	0	0	0	0	0	1	0	0	0	1	0	3	3	1	2	2	1	1	34
0	1	0	0	0	0	0	0	0	1	0	0	0	1	0	3	3	2	2	2	1	2	34
0	1	0	0	0	0	0	0	0	1	0	0	0	1	0	3	3	2	2	4	1	1	43
0	1	0	0	0	0	0	0	0	1	0	0	0	0	1	3	3	1	1	2	1	1	42
0	1	0	0	0	0	0	0	0	1	0	0	0	0	1	3	3	1	1	1	1	1	42
0	1	0	0	0	0	0	0	0	1	0	0	0	0	1	3	3	1	2	4	1	2	71
0	1	0	0	0	0	0	0	0	1	0	0	0	1	0	3	3	2	2	2	2	2	62
0	1	0	0	0	0	0	0	0	1	0	0	0	1	0	3	3	2	2	3	2	2	62
0	1	0	0	0	0	0	0	0	1	0	0	0	1	0	3	3	2	2	2	2	2	82
0	1	0	0	0	0	0	0	0	1	0	0	0	1	0	3	3	1	2	2	1	1	71
0	1	0	0	0	0	0	0	0	1	0	0	0	1	0	3	3	1	1	2	2	1	71
0	1	0	0	0	0	0	0	0	1	0	0	0	1	0	3	3	2	2	3	1	2	58
0	1	0	0	0	0	0	0	0	1	0	0	0	1	0	3	3	2	2	3	2	1	58
0	0	1	0	1	0	0	0	0	0	0	0	0	1	0	3	3	1	2	1	1	1	35
0	0	1	0	1	0	0	0	0	0	0	0	0	1	0	3	3	1	1	1	1	1	35
0	0	1	0	1	0	0	0	0	0	0	0	0	1	0	3	2	1	2	2	2	1	39
0	0	1	0	1	0	0	0	0	0	0	0	0	1	0	3	3	1	1	2	2	1	39
0	0	1	0	1	0	0	0	0	0	0	0	0	1	0	3	3	1	2	2	2	2	58
0	0	1	0	1	0	0	0	0	0	0	0	0	1	0	3	3	1	2	2	1	2	47
0	0	1	0	1	0	0	0	0	0	0	0	0	1	0	3	3	1	2	3	1	1	42
0	0	1	0	1	0	0	0	0	0	0	0	0	1	0	3	3	1	2	3	2	1	42
0	0	1	0	1	0	0	0	0	0	0	0	0	0	1	3	3	1	2	3	1	2	56
0	0	1	0	1	0	0	0	0	0	0	0	0	0	1	3	2	1	1	2	1	2	56
0	0	1	0	1	0	0	0	0	0	0	0	0	1	0	3	3	2	2	2	2	2	73
0	0	1	0	1	0	0	0	0	0	0	0	0	1	0	3	3	2	2	3	1	2	73
0	0	1	0	1	0	0	0	0	0	0	0	0	1	0	3	3	1	2	3	1	2	48
0	0	1	0	1	0	0	0	0	0	0	0	0	0	1	3	3	2	2	3	2	1	59
0	0	1	0	1	0	0	0	0	0	0	0	0	0	1	3	3	1	2	3	1	1	59
0	0	1	0	1	0	0	0	0	0	0	0	0	1	0	3	3	1	2	3	1	1	50
0	0	1	0	1	0	0	0	0	0	0	0	0	1	0	3	3	2	2	3	1	3	49
0	0	1	0	1	0	0	0	0	0	0	0	0	1	0	3	3	2	2	3	1	2	49
0	0	1	0	1	0	0	0	0	0	0	0	0	1	0	3	3	1	2	3	1	2	50
0	0	1	0	1	0	0	0	0	0	0	0	0	1	0	3	3	1	2	3	1	2	51
0	0	1	0	1	0	0	0	0	0	0	0	0	0	1	3	3	2	2	2	2	2	69
0	0	1	0	1	0	0	0	0	0	0	0	0	0	1	3	3	2	2	3	1	2	69
0	0	1	0	1	0	0	0	0	0	0	0	0	1	0	3	3	1	2	2	1	2	28
0	0	1	0	1	0	0	0	0	0	0	0	0	1	0	3	2	1	1	2	1	2	28
0	0	1	0	1	0	0	0	0	0	0	0	0	1	0	3	3	2	2	4	2	2	48
0	0	1	0	1	0	0	0	0	0	0	0	0	0	1	3	3	1	2	4	1	2	57
0	0	1	0	1	0	0	0	0	0	0	0	0	0	1	3	2	2	1	3	2	1	76
0	0	1	0	1	0	0	0	0	0	0	0	0	0	1	3	2	2	2	3	2	1	76
0	0	1	0	1	0	0	0	0	0	0	0	0	1	0	3	2	1	2	2	2	2	44
0	0	1	0	1	0	0	0	0	0	0	0	0	0	1	3	3	2	2	2	2	1	58
0	0	1	0	1	0	0	0	0	0	0	0	0	0	1	3	3	2	2	3	2	1	58
0	0	1	0	1	0	0	0	0	0	0	0	0	0	1	3	2	2	2	4	1	2	53
0	0	1	0	1	0	0	0	0	0	0	0	0	0	1	3	3	1	2	3	1	1	53
0	0	1	0	1	0	0	0	0	0	0	0	0	0	1	3	3	1	2	4	2	1	53
0	0	1	0	1	0	0	0	0	0	0	0	0	0	1	3	3	2	2	3	1	1	47
0	0	1	0	1	0	0	0	0	0	0	0	0	0	1	3	3	2	2	3	1	2	47
0	0	1	0	1	0	0	0	0	0	0	0	0	1	0	3	3	1	2	3	2	2	49
0	0	1	0	1	0	0	0	0	0	0	0	0	1	0	3	3	2	2	2	2	2	49
0	0	1	0	1	0	0	0	0	0	0	0	0	1	0	3	2	1	2	4	1	2	55
0	0	1	0	1	0	0	0	0	0	0	0	0	0	1	3	3	2	2	2	1	2	59
0	0	1	0	1	0	0	0	0	0	0	0	0	0	1	3	3	2	2	2	2	2	59
0	0	1	0	1	0	0	0	0	0	0	0	0	1	0	3	3	2	2	3	2	1	43
0	0	1	0	1	0	0	0	0	0	0	0	0	1	0	3	3	2	2	3	1	2	43
0	0	1	0	1	0	0	0	0	0	0	0	0	1	0	3	2	2	2	2	1	2	56
0	0	1	0	1	0	0	0	0	0	0	0	0	1	0	3	2	2	2	2	2	2	56
0	0	1	0	1	0	0	0	0	0	0	0	0	1	0	3	3	1	2	3	2	1	49
0	0	1	0	1	0	0	0	0	0	0	0	0	1	0	3	3	2	2	3	1	1	49
0	0	1	0	1	0	0	0	0	0	0	0	0	1	0	3	3	1	2	4	2	2	86
0	0	1	0	1	0	0	0	0	0	0	0	0	1	0	3	3	1	2	3	1	1	54
0	0	1	0	1	0	0	0	0	0	0	0	0	1	0	3	2	2	2	2	2	2	47
0	0	1	0	1	0	0	0	0	0	0	0	0	1	0	3	3	2	2	3	2	1	44
0	0	1	0	1	0	0	0	0	0	0	0	0	1	0	3	3	1	2	3	2	2	44
0	0	1	0	1	0	0	0	0	0	0	0	0	1	0	3	2	1	1	3	1	2	58
0	0	1	0	1	0	0	0	0	0	0	0	0	1	0	3	2	1	1	3	1	2	58
0	0	1	0	1	0	0	0	0	0	0	0	0	0	1	3	3	2	2	4	2	2	70
0	0	1	0	1	0	0	0	0	0	0	0	0	0	1	3	3	1	2	2	1	1	49
0	0	1	0	1	0	0	0	0	0	0	0	0	0	1	3	3	1	2	2	1	2	49
0	0	1	0	1	0	0	0	0	0	0	0	0	0	1	3	3	1	2	2	1	2	50
0	0	1	0	1	0	0	0	0	0	0	0	0	0	1	1	1	1	1	1	1	1	21
0	0	1	0	1	0	0	0	0	0	0	0	0	0	1	3	3	2	2	2	1	1	75
0	0	1	0	1	0	0	0	0	0	0	0	0	0	1	3	3	2	2	4	2	2	75
0	0	1	0	1	0	0	0	0	0	0	0	0	0	1	3	2	1	2	2	1	1	29
0	0	1	0	1	0	0	0	0	0	0	0	0	0	1	3	3	1	2	3	1	2	59
0	0	1	0	1	0	0	0	0	0	0	0	0	0	1	3	3	2	2	4	2	1	87
0	0	1	0	1	0	0	0	0	0	0	0	0	0	1	3	3	1	2	4	2	1	87
0	0	1	0	1	0	0	0	0	0	0	0	0	0	1	3	3	2	2	4	1	1	73
0	0	1	0	1	0	0	0	0	0	0	0	0	0	1	3	2	1	2	2	1	2	57
0	0	1	0	1	0	0	0	0	0	0	0	0	0	1	3	3	2	2	3	1	1	70
0	0	1	0	0	0	0	0	0	0	0	0	1	1	0	3	2	1	1	2	1	1	39
0	0	1	0	0	0	0	0	0	0	0	0	1	1	0	2	2	1	2	1	1	1	39
0	0	1	0	0	0	0	0	0	0	0	0	1	1	0	3	3	2	2	2	2	1	27
0	0	1	0	0	0	0	0	0	0	0	0	1	1	0	3	2	2	2	2	2	1	27
0	0	1	0	0	0	0	0	0	0	0	0	1	0	1	3	3	1	2	2	2	1	30
0	0	1	0	0	0	0	0	0	0	0	0	1	1	0	3	3	2	1	2	1	2	30
0	0	1	0	0	0	0	0	0	0	0	0	1	1	0	3	3	2	2	2	1	1	65
0	0	1	0	0	0	0	0	0	0	0	0	1	1	0	2	2	1	2	3	1	1	22
0	0	1	0	0	0	0	0	0	0	0	0	1	1	0	3	2	1	2	2	1	1	22
0	0	1	0	0	0	0	0	0	0	0	0	1	0	1	3	3	1	2	2	2	1	45
0	0	1	0	0	0	0	0	0	0	0	0	1	0	1	3	2	1	1	2	1	2	45
0	0	1	0	0	0	0	0	0	0	0	0	1	1	0	3	3	2	2	3	2	1	52
0	0	1	0	0	0	0	0	0	0	0	0	1	0	1	3	3	2	2	2	1	1	40
0	0	1	0	0	0	0	0	0	0	0	0	1	1	0	2	2	1	2	2	2	2	35
0	0	1	0	0	0	0	0	0	0	0	0	1	1	0	3	2	1	2	2	1	1	35
0	0	1	0	0	0	0	0	0	0	0	0	1	1	0	2	2	1	2	2	1	1	24
0	0	1	0	0	0	0	0	0	0	0	0	1	0	1	2	2	2	2	1	1	1	54
0	0	1	0	0	0	0	0	0	0	0	0	1	0	1	2	2	2	2	2	1	1	54
0	0	1	0	0	0	0	0	0	0	0	0	1	1	0	1	1	1	2	2	1	1	25
0	0	1	0	0	0	0	0	0	0	0	0	1	1	0	3	2	1	2	2	1	1	32
0	0	1	0	0	0	0	0	0	0	0	0	1	1	0	2	2	1	2	2	1	1	32
0	0	1	0	0	0	0	0	0	0	0	0	1	0	1	3	3	2	2	4	2	2	96
0	0	1	0	0	0	0	0	0	0	0	0	1	1	0	3	3	1	1	2	1	2	44
0	0	1	0	0	0	0	0	0	0	0	0	1	1	0	3	2	1	2	2	1	2	44
0	0	1	0	0	0	0	0	0	0	0	0	1	0	1	3	3	2	2	1	1	1	32
0	0	1	0	0	0	0	0	0	0	0	0	1	0	1	2	2	1	2	2	1	1	32
0	0	1	0	0	0	0	0	0	0	0	0	1	1	0	3	3	1	2	1	1	1	28
0	0	1	0	0	0	0	0	0	0	0	0	1	1	0	2	2	2	2	2	2	2	30
0	0	1	0	0	0	0	0	0	0	0	0	1	1	0	3	3	1	2	2	2	2	60
0	0	1	0	0	0	0	0	0	0	0	0	1	1	0	3	2	1	2	3	2	1	58
0	0	1	0	0	0	0	0	0	0	0	0	1	1	0	3	2	2	2	3	2	1	58
0	0	1	0	0	0	0	0	0	0	0	0	1	1	0	3	3	1	2	2	2	1	36
0	0	1	0	0	0	0	0	0	0	0	0	1	1	0	3	3	1	2	2	1	2	36
0	0	1	0	0	0	0	0	0	0	0	0	1	1	0	3	2	1	2	2	1	1	45
0	0	1	0	0	0	0	0	0	0	0	0	1	1	0	3	2	1	2	1	1	1	45
0	0	1	0	0	0	0	0	0	0	0	0	1	1	0	2	2	1	2	2	1	1	37
0	0	1	0	0	0	0	0	0	0	0	0	1	1	0	2	2	1	1	1	1	1	37
0	0	1	0	0	0	0	0	0	0	0	0	1	1	0	3	2	1	2	2	1	2	56
0	0	1	0	0	0	0	0	0	0	0	0	1	1	0	3	2	2	2	2	2	2	56
0	0	1	0	0	0	0	0	0	0	0	0	1	0	1	3	3	1	2	3	2	1	49
0	0	1	0	0	0	0	0	0	0	0	0	1	1	0	1	1	1	1	1	1	1	25
0	0	1	0	0	0	0	0	0	0	0	0	1	0	1	3	2	1	1	1	1	1	44
0	0	1	0	0	0	0	0	0	0	0	0	1	0	1	3	3	1	2	1	1	1	29
0	0	1	0	0	0	0	0	0	0	0	0	1	0	1	2	3	2	2	1	1	1	29
0	0	1	0	0	0	0	0	0	0	0	0	1	1	0	2	2	2	2	1	1	1	28
0	0	1	0	0	0	0	0	0	0	0	0	1	1	0	2	2	1	2	1	2	1	28
0	0	1	0	0	0	0	0	0	0	0	0	1	0	1	3	3	1	2	1	1	1	23
0	0	1	0	0	0	0	0	0	0	0	0	1	0	1	3	2	1	2	1	1	1	23
0	0	1	0	0	0	0	0	0	0	0	0	1	1	0	3	3	1	1	2	2	1	34
0	0	1	0	0	0	0	0	0	0	0	0	1	1	0	3	3	1	2	2	2	1	34
0	0	1	0	0	0	0	0	0	0	0	0	1	0	1	3	2	1	2	2	1	1	30
0	0	1	0	0	0	0	0	0	0	0	0	1	0	1	3	3	1	2	1	1	1	60
0	0	1	0	0	0	0	0	0	0	0	0	1	0	1	3	2	1	2	1	1	1	60
0	0	1	0	0	0	0	0	0	0	0	0	1	0	1	3	3	2	2	2	1	1	36
0	0	1	0	0	0	0	0	0	0	0	0	1	0	1	3	3	1	2	2	1	1	36
0	0	1	0	0	0	0	0	0	0	0	0	1	0	1	3	2	2	2	2	1	1	28
0	0	1	0	0	0	0	0	0	0	0	0	1	0	1	3	3	2	1	2	2	2	28
0	0	1	0	0	0	0	0	0	0	0	0	1	0	1	3	2	2	1	2	1	1	35
0	0	1	0	0	0	0	0	0	0	0	0	1	0	1	3	2	1	2	2	1	1	35
0	0	1	0	0	0	0	0	0	0	0	0	1	1	0	3	3	2	2	2	1	2	40
0	0	1	0	0	0	0	0	0	0	0	0	1	0	1	2	2	1	1	2	1	1	47
0	0	1	0	0	0	0	0	0	0	0	0	1	0	1	3	2	1	2	2	1	1	47
0	0	1	0	0	0	0	0	0	0	0	0	1	1	0	3	3	1	1	2	2	1	65
0	0	1	0	0	0	0	0	0	0	0	0	1	1	0	3	3	2	2	3	2	1	65
0	0	1	0	0	0	0	0	0	0	0	0	1	1	0	3	3	2	2	3	1	2	70
0	0	1	0	0	0	0	0	0	0	0	0	1	1	0	3	3	2	2	3	2	2	70
0	0	1	0	0	0	0	0	0	0	0	0	1	0	1	2	2	1	2	2	1	2	72
0	0	1	0	0	0	0	0	0	0	0	0	1	0	1	2	2	2	2	2	2	1	72
0	0	1	0	0	0	0	0	0	0	0	0	1	0	1	3	3	1	1	2	1	2	40
0	0	1	0	0	0	0	0	0	0	0	0	1	0	1	3	2	2	2	2	2	2	50
0	0	1	0	0	0	0	0	0	0	0	0	1	0	1	3	3	2	2	2	1	2	60
0	0	1	0	0	0	0	0	0	0	0	0	1	0	1	3	2	1	1	2	1	1	60
0	0	1	0	0	0	0	0	0	0	0	0	1	0	1	2	2	1	2	2	1	1	38
0	0	1	0	0	0	0	0	0	0	0	0	1	0	1	3	2	1	1	2	1	1	38
0	0	1	0	0	0	0	0	0	0	0	0	1	0	1	3	2	2	2	4	2	1	60
0	0	1	0	0	0	0	0	0	0	0	0	1	0	1	3	2	1	2	2	1	1	34
0	0	1	0	0	0	0	0	0	0	0	0	1	0	1	2	2	1	1	2	1	1	34
0	0	1	0	0	0	0	0	0	0	0	0	1	0	1	3	3	1	1	2	1	1	42
0	0	1	0	0	0	0	0	0	0	0	0	1	0	1	2	2	1	2	1	2	1	36
0	0	1	0	0	0	0	0	0	0	0	0	1	0	1	2	2	1	2	2	1	1	36
0	0	1	0	0	0	0	0	0	0	0	0	1	1	0	3	3	2	2	3	2	1	57
0	0	1	0	0	0	0	0	0	0	0	0	1	0	1	3	3	1	2	3	1	1	40
0	0	1	0	0	0	0	0	0	0	0	0	1	0	1	3	3	1	2	4	1	1	40
0	0	1	0	0	0	0	0	0	0	0	0	1	1	0	3	2	1	2	1	1	1	31
0	0	1	0	0	0	0	0	0	0	0	0	1	1	0	3	2	1	1	2	1	1	31
0	0	1	0	0	0	0	0	0	0	0	0	1	1	0	3	3	2	2	2	1	1	46
0	0	1	0	0	0	0	0	0	0	0	0	1	0	1	3	3	1	2	2	2	2	56
0	0	1	0	0	0	0	0	0	0	0	0	1	0	1	3	3	1	2	3	2	2	56
0	0	1	0	0	0	0	0	0	0	0	0	1	1	0	3	3	1	2	3	2	1	50
0	0	1	0	0	0	0	0	0	0	0	0	1	1	0	3	2	1	2	2	2	1	50
0	0	1	0	0	0	0	0	0	0	0	0	1	0	1	3	3	1	2	2	1	2	30
0	0	1	0	0	0	0	0	0	0	0	0	1	0	1	3	2	1	2	3	1	2	30
0	0	1	0	0	0	0	0	0	0	0	0	1	0	1	3	3	3	2	1	2	1	41
0	0	1	0	0	0	0	0	0	0	0	0	1	0	1	3	3	2	2	2	2	1	41
0	0	1	0	0	0	0	0	0	0	0	0	1	0	1	3	3	2	2	3	1	1	65
0	0	1	0	0	0	0	0	0	0	0	0	1	0	1	3	3	1	2	3	2	1	44
0	0	1	0	0	0	0	0	0	0	0	0	1	0	1	3	3	1	2	3	1	1	44
0	0	1	0	0	0	0	0	0	0	0	0	1	0	1	3	3	2	2	3	1	1	50
0	0	1	0	0	0	0	0	0	0	0	0	1	0	1	3	2	1	2	2	1	1	40
0	0	1	0	0	0	0	0	0	0	0	0	1	0	1	2	2	1	2	2	1	1	40
0	0	1	0	0	0	0	0	0	0	0	0	1	0	1	3	3	1	1	1	1	1	30
0	0	1	0	0	0	0	0	0	0	0	0	1	0	1	3	2	1	2	3	1	1	38
0	0	1	0	0	0	0	0	0	0	0	0	1	0	1	3	2	1	1	3	1	1	70
0	0	1	0	0	0	0	0	0	0	0	0	1	0	1	3	2	1	1	3	2	1	70
0	0	1	0	0	0	0	0	0	0	0	0	1	0	1	3	2	1	2	3	2	2	45
0	0	1	0	0	0	0	0	0	0	0	0	1	0	1	3	2	2	2	2	1	2	45
0	0	1	0	0	0	0	0	0	0	0	0	1	1	0	3	2	1	2	3	2	2	80
0	0	1	0	0	0	0	0	0	0	0	0	1	1	0	3	2	2	2	3	2	2	80
0	0	1	0	0	0	0	0	0	0	0	0	1	0	1	3	3	2	1	2	2	2	70
0	0	1	0	0	0	0	0	0	0	0	0	1	0	1	3	2	2	2	3	2	2	70
0	0	1	0	0	0	0	0	0	0	0	0	1	0	1	3	2	1	2	2	1	1	60
0	0	1	0	0	0	0	0	0	0	0	0	1	0	1	3	3	1	2	3	2	1	38
0	0	1	0	0	0	0	0	0	0	0	0	1	0	1	2	2	1	1	1	1	1	23
0	0	1	0	0	0	0	0	0	0	0	0	1	0	1	2	2	2	1	1	1	1	23
0	0	1	0	0	0	0	0	0	0	0	0	1	1	0	3	3	1	2	1	1	1	32
0	0	1	0	0	0	0	0	0	0	0	0	1	1	0	3	3	1	2	1	1	2	32
0	0	1	0	0	0	0	0	0	0	0	0	1	0	1	2	2	1	2	2	1	1	38
0	0	1	0	0	0	0	0	0	0	0	0	1	0	1	2	2	1	1	2	1	1	38
0	0	1	0	0	0	0	0	0	0	0	0	1	0	1	3	2	1	2	3	1	1	37
0	0	1	0	0	0	0	0	0	0	0	0	1	0	1	2	2	1	2	3	1	1	37
0	0	1	0	0	0	0	0	0	0	0	0	1	1	0	3	3	1	2	2	2	2	51
0	0	1	0	0	0	0	0	0	0	0	0	1	1	0	3	2	1	1	2	1	2	51
0	0	1	0	0	0	0	0	0	0	0	0	1	1	0	3	2	1	2	3	1	1	42
0	0	1	0	0	0	0	0	0	0	0	0	1	1	0	3	2	2	2	3	2	2	42
0	0	1	0	0	0	0	0	0	0	0	0	1	1	0	3	2	1	2	3	2	2	56
0	0	1	0	0	0	0	0	0	0	0	0	1	0	1	2	2	2	2	2	1	1	23
0	0	1	0	0	0	0	0	0	0	0	0	1	0	1	2	2	2	2	3	1	1	23
0	0	1	0	0	0	0	0	0	0	0	0	1	1	0	3	3	2	2	3	1	1	66
0	0	1	0	0	0	0	0	0	0	0	0	1	1	0	3	3	2	2	2	1	1	66
0	0	1	0	0	0	0	0	0	0	0	0	1	0	1	3	3	1	1	2	1	1	39
0	0	1	0	0	0	0	0	0	0	0	0	1	0	1	3	2	1	2	3	1	2	36
0	0	1	0	0	0	0	0	0	0	0	0	1	0	1	3	2	1	2	3	1	1	36
0	0	1	0	0	0	0	0	0	0	0	0	1	0	1	3	3	1	2	3	1	2	74
0	0	1	0	0	0	0	0	0	0	0	0	1	1	0	3	2	1	2	3	1	1	34
0	0	1	0	0	0	0	0	0	0	0	0	1	1	0	3	3	1	2	2	1	1	34
0	0	1	0	0	0	0	0	0	0	0	0	1	1	0	3	3	1	2	4	2	1	80
0	0	1	0	0	0	0	0	0	0	0	0	1	1	0	3	3	2	2	4	2	1	80
0	0	1	0	0	0	0	0	0	0	0	0	1	0	1	3	2	1	2	1	1	2	38
0	0	1	0	0	0	0	0	0	0	0	0	1	1	0	3	2	2	2	2	2	2	58
0	0	1	0	0	0	0	0	0	0	0	0	1	1	0	3	2	2	2	3	2	1	40
0	0	1	0	0	0	0	0	0	0	0	0	1	1	0	3	2	2	2	3	2	1	40
0	0	1	0	0	0	0	0	0	0	0	0	1	1	0	3	3	1	2	2	1	2	62
0	0	1	0	0	0	0	0	0	0	0	0	1	1	0	3	2	2	2	2	1	1	62
0	0	1	0	0	0	0	0	0	0	0	0	1	1	0	3	2	2	2	2	1	1	60
0	0	1	0	0	0	0	0	0	0	0	0	1	1	0	3	3	1	2	2	1	1	51
0	0	1	0	0	0	0	0	0	0	0	0	1	1	0	3	3	1	2	2	1	2	51
0	0	1	0	0	0	0	0	0	0	0	0	1	1	0	3	3	1	2	2	1	1	35
0	0	1	0	0	0	0	0	0	0	0	0	1	1	0	3	3	2	1	2	1	1	35
0	0	1	0	0	0	0	0	0	0	0	0	1	1	0	3	3	1	2	2	1	1	50
0	0	1	0	0	0	0	0	0	0	0	0	1	0	1	2	2	2	2	2	1	2	49
0	0	1	0	0	0	0	0	0	0	0	0	1	0	1	2	2	1	2	2	1	1	49
0	0	1	0	0	0	0	0	0	0	0	0	1	1	0	3	3	1	2	3	1	1	69
0	0	1	0	0	0	0	0	0	0	0	0	1	1	0	3	3	2	2	3	2	1	69
0	0	1	0	0	0	0	0	0	0	0	0	1	1	0	3	3	1	2	3	2	1	30
0	0	1	0	0	0	0	0	0	0	0	0	1	1	0	2	2	1	1	2	2	2	45
0	0	1	0	0	0	0	0	0	0	0	0	1	1	0	2	2	1	2	2	2	2	45
0	0	1	0	0	0	0	0	0	0	0	0	1	1	0	2	2	1	2	2	1	1	24
0	0	1	0	0	0	0	0	0	0	0	0	1	0	1	3	3	1	2	4	2	1	62
0	0	1	0	0	0	0	0	0	0	0	0	1	0	1	3	2	1	2	1	1	1	33
0	0	1	0	0	0	0	0	0	0	0	0	1	1	0	3	3	1	2	3	2	1	49
0	0	1	0	0	0	0	0	0	0	0	0	1	1	0	3	3	1	2	3	1	1	49
0	0	1	0	0	0	0	0	0	0	0	0	1	0	1	3	3	1	2	2	2	1	55
0	0	1	0	0	0	0	0	0	0	0	0	1	1	0	3	2	2	2	3	2	2	86
0	0	1	0	0	0	0	0	0	0	0	0	1	1	0	3	2	2	2	4	2	2	86
0	0	1	0	0	0	0	0	0	0	0	0	1	1	0	3	2	1	2	3	2	2	66
0	0	1	0	0	0	0	0	0	0	0	0	1	1	0	3	2	2	2	3	2	2	66
0	0	1	0	0	0	0	0	0	0	0	0	1	0	1	3	2	1	1	2	2	1	59
0	0	1	0	0	0	0	0	0	0	0	0	1	1	0	3	3	1	2	3	2	2	50
0	0	1	0	0	0	0	0	0	0	0	0	1	1	0	3	2	1	2	3	2	2	50
0	0	1	0	0	0	0	0	0	0	0	0	1	0	1	3	3	2	1	1	1	2	86
0	0	1	0	0	0	0	0	0	0	0	0	1	0	1	3	3	1	1	2	1	2	50
0	0	1	0	0	0	0	0	0	0	0	0	1	0	1	3	3	1	2	2	1	2	40
0	0	1	0	0	0	0	0	0	0	0	0	1	1	0	3	3	2	2	2	2	2	60
0	0	1	0	0	0	0	0	0	0	0	0	1	1	0	3	3	2	2	3	2	1	60
0	0	1	0	0	0	0	0	0	0	0	0	1	0	1	3	3	2	2	2	1	1	87
0	0	1	0	0	0	0	0	0	0	0	0	1	0	1	3	3	1	2	2	2	2	60
0	0	1	0	0	0	0	0	0	0	0	0	1	0	1	3	3	1	2	3	2	2	60
0	0	1	0	0	0	0	0	0	0	0	0	1	0	1	3	3	1	2	2	2	2	78
0	0	1	0	0	0	0	0	0	0	0	0	1	0	1	3	2	1	2	2	2	1	49
0	0	1	0	0	0	0	0	0	0	0	0	1	0	1	2	2	1	2	2	1	1	49
0	0	1	0	0	0	0	0	0	0	0	0	1	1	0	3	3	1	2	2	1	1	30
0	0	1	0	0	0	0	0	0	0	0	0	1	1	0	3	3	1	2	2	2	2	49
0	0	1	0	0	0	0	0	0	0	0	0	1	1	0	3	3	1	2	2	1	2	49
0	0	1	0	0	0	0	0	0	0	0	0	1	1	0	3	3	1	2	2	1	1	36
0	0	1	0	0	0	0	0	0	0	0	0	1	1	0	3	3	1	2	2	1	1	50
0	0	1	0	0	0	0	0	0	0	0	0	1	1	0	3	3	1	2	2	2	1	50
0	0	1	0	0	0	0	0	0	0	0	0	1	0	1	3	2	1	2	2	1	1	37
0	0	1	0	0	0	0	0	0	0	0	0	1	1	0	3	2	2	2	2	1	1	38
0	0	1	0	0	0	0	0	0	0	0	0	1	1	0	3	2	2	2	3	2	1	38
0	0	1	0	0	0	0	0	0	0	0	0	1	1	0	3	2	1	2	2	1	1	26
0	0	1	0	0	0	0	0	0	0	0	0	1	1	0	3	2	1	1	1	1	1	26
0	0	1	0	0	0	0	0	0	0	0	0	1	1	0	3	2	1	1	1	1	1	30
0	0	1	0	0	0	0	0	0	0	0	0	1	1	0	3	3	1	2	2	1	2	90
0	0	1	0	0	0	0	0	0	0	0	0	1	0	1	3	3	1	1	1	1	2	38
0	0	1	0	0	0	0	0	0	0	0	0	1	0	1	3	3	1	2	2	1	1	50
0	0	1	0	0	0	0	0	0	0	0	0	1	0	1	3	3	2	1	2	1	1	50
0	0	1	0	0	0	0	0	0	0	0	0	1	0	1	3	3	1	1	1	1	1	40
0	0	1	0	0	0	0	0	0	0	0	0	1	0	1	3	2	1	1	1	1	1	40
0	0	1	0	0	0	0	0	0	0	0	0	1	1	0	3	3	1	2	2	1	1	52
0	0	1	0	0	0	0	0	0	0	0	0	1	1	0	3	3	2	2	2	2	2	52
0	0	1	0	0	0	0	0	0	0	0	0	1	0	1	3	3	1	2	2	2	1	50
0	0	1	0	0	0	0	0	0	0	0	0	1	0	1	3	3	1	2	3	2	1	50
0	0	1	0	0	0	0	0	0	0	0	0	1	0	1	1	1	1	1	1	1	1	20
0	0	1	0	0	0	0	0	0	0	0	0	1	0	1	3	3	1	2	4	2	1	42
0	0	1	0	0	0	0	0	0	0	0	0	1	0	1	3	2	1	1	1	1	1	36
0	0	1	0	0	0	1	0	0	0	0	0	0	1	0	2	2	2	2	1	1	1	40
0	0	1	0	0	0	1	0	0	0	0	0	0	1	0	2	2	1	1	1	1	1	40
0	0	1	0	0	0	1	0	0	0	0	0	0	1	0	3	3	1	2	1	1	1	30
0	0	1	0	0	0	1	0	0	0	0	0	0	1	0	3	3	1	2	2	2	1	30
0	0	1	0	0	0	1	0	0	0	0	0	0	0	1	1	1	1	1	1	1	1	24
0	0	1	0	0	0	1	0	0	0	0	0	0	0	1	2	2	2	1	1	1	1	21
0	0	1	0	0	0	1	0	0	0	0	0	0	0	1	3	2	2	2	2	1	1	21
0	0	1	0	0	0	1	0	0	0	0	0	0	1	0	3	2	2	1	2	1	2	30
0	0	1	0	0	0	1	0	0	0	0	0	0	0	1	2	2	1	2	2	1	1	27
0	0	1	0	0	0	1	0	0	0	0	0	0	0	1	2	2	1	2	2	1	1	32
0	0	1	0	0	0	1	0	0	0	0	0	0	1	0	3	2	2	1	2	2	2	30
0	0	1	0	0	0	1	0	0	0	0	0	0	1	0	3	2	2	1	2	1	2	30
0	0	1	0	0	0	1	0	0	0	0	0	0	0	1	3	3	1	1	1	1	1	22
0	0	1	0	0	0	1	0	0	0	0	0	0	1	0	3	2	2	1	2	1	2	31
0	0	1	0	0	0	1	0	0	0	0	0	0	1	0	3	3	1	1	2	1	1	31
0	0	1	0	0	0	1	0	0	0	0	0	0	0	1	3	3	1	2	2	1	1	54
0	0	1	0	0	0	1	0	0	0	0	0	0	1	0	3	3	1	1	3	2	2	66
0	0	1	0	0	0	1	0	0	0	0	0	0	1	0	3	2	2	1	1	1	1	67
0	0	1	0	0	0	1	0	0	0	0	0	0	1	0	2	2	2	1	2	1	2	67
0	0	1	0	0	0	1	0	0	0	0	0	0	1	0	3	2	1	2	2	1	2	49
0	0	1	0	0	0	1	0	0	0	0	0	0	1	0	3	2	2	2	2	1	2	49
0	0	1	0	0	0	1	0	0	0	0	0	0	0	1	3	3	1	2	1	1	1	28
0	0	1	0	0	0	1	0	0	0	0	0	0	1	0	3	3	1	2	2	1	2	46
0	0	1	0	0	0	1	0	0	0	0	0	0	1	0	3	3	1	2	2	1	1	46
0	0	1	0	0	0	1	0	0	0	0	0	0	0	1	3	3	2	1	2	1	1	69
0	0	1	0	0	0	1	0	0	0	0	0	0	0	1	3	3	2	2	4	1	1	69
0	0	1	0	0	0	1	0	0	0	0	0	0	0	1	3	3	2	1	1	1	1	51
0	0	1	0	0	0	1	0	0	0	0	0	0	0	1	3	3	2	2	1	1	1	51
0	0	1	0	0	0	1	0	0	0	0	0	0	0	1	3	3	1	2	1	1	2	28
0	0	1	0	0	0	1	0	0	0	0	0	0	0	1	3	3	1	2	2	1	1	56
0	0	1	0	0	0	1	0	0	0	0	0	0	0	1	3	3	1	2	2	4	2	56
0	0	1	0	0	0	1	0	0	0	0	0	0	1	0	3	3	2	1	2	1	2	42
0	0	1	0	0	0	1	0	0	0	0	0	0	1	0	3	2	1	2	2	1	1	34
0	0	1	0	0	0	1	0	0	0	0	0	0	1	0	3	2	1	2	2	1	2	34
0	0	1	0	0	0	1	0	0	0	0	0	0	1	0	2	2	1	2	3	2	1	48
0	0	1	0	0	0	1	0	0	0	0	0	0	1	0	3	2	1	2	3	2	1	48
0	0	1	0	0	0	1	0	0	0	0	0	0	0	1	3	2	2	2	3	1	1	44
0	0	1	0	0	0	1	0	0	0	0	0	0	0	1	3	3	2	2	3	1	1	74
0	0	1	0	0	0	1	0	0	0	0	0	0	0	1	3	3	2	1	3	1	1	74
0	0	1	0	0	0	1	0	0	0	0	0	0	1	0	3	3	2	2	4	2	1	78
0	0	1	0	0	0	1	0	0	0	0	0	0	0	1	3	2	1	2	2	1	1	21
0	0	1	0	0	0	1	0	0	0	0	0	0	0	1	3	2	1	1	1	1	1	21
0	0	1	0	0	0	1	0	0	0	0	0	0	0	1	3	2	2	2	1	1	1	29
0	0	1	0	0	0	1	0	0	0	0	0	0	0	1	3	2	2	1	1	1	1	29
0	0	1	0	0	0	1	0	0	0	0	0	0	0	1	3	2	2	2	4	2	2	57
0	0	1	0	0	0	1	0	0	0	0	0	0	1	0	3	3	1	2	4	2	1	56
0	0	1	0	0	0	1	0	0	0	0	0	0	0	1	3	3	1	2	1	1	2	58
0	0	1	0	0	0	1	0	0	0	0	0	0	0	1	3	2	2	2	3	1	1	58
0	0	1	0	0	0	1	0	0	0	0	0	0	1	0	3	2	2	2	3	2	1	62
0	0	1	0	0	0	1	0	0	0	0	0	0	0	1	3	2	1	1	2	1	2	32
0	0	1	0	0	0	1	0	0	0	0	0	0	0	1	3	2	1	1	1	1	2	32
0	0	1	0	0	0	1	0	0	0	0	0	0	1	0	3	3	1	2	1	1	1	39
0	0	1	0	0	0	1	0	0	0	0	0	0	1	0	3	3	2	2	3	1	1	64
0	0	1	0	0	0	1	0	0	0	0	0	0	1	0	3	3	2	2	3	2	1	64
0	0	1	0	0	0	1	0	0	0	0	0	0	1	0	3	2	1	1	1	1	1	40
0	0	1	0	0	0	1	0	0	0	0	0	0	0	1	3	3	1	1	2	2	1	33
0	0	1	0	0	0	1	0	0	0	0	0	0	0	1	3	3	1	1	2	1	1	33
0	0	1	0	0	0	1	0	0	0	0	0	0	0	1	3	2	1	2	2	1	2	21
0	0	1	0	0	0	1	0	0	0	0	0	0	0	1	2	2	1	1	1	1	2	21
0	0	1	0	0	0	1	0	0	0	0	0	0	1	0	3	2	1	2	3	1	2	63
0	0	1	0	0	0	1	0	0	0	0	0	0	1	0	3	3	1	2	3	2	1	63
0	0	1	0	0	0	1	0	0	0	0	0	0	0	1	2	2	1	1	2	1	2	32
0	0	1	0	0	0	1	0	0	0	0	0	0	0	1	2	2	1	1	2	1	1	32
0	0	1	0	0	0	1	0	0	0	0	0	0	1	0	3	2	2	2	3	2	1	78
0	0	1	0	0	0	1	0	0	0	0	0	0	1	0	3	3	1	2	3	2	1	36
0	0	1	0	0	0	1	0	0	0	0	0	0	0	1	2	2	1	2	3	1	2	53
0	0	1	0	0	0	1	0	0	0	0	0	0	0	1	2	2	1	2	2	1	1	28
0	0	1	0	0	0	1	0	0	0	0	0	0	0	1	3	3	2	2	2	2	1	68
0	0	1	0	0	0	1	0	0	0	0	0	0	0	1	3	3	2	2	2	2	2	68
0	0	1	0	0	0	1	0	0	0	0	0	0	0	1	3	3	1	1	2	1	2	58
0	0	1	0	0	0	1	0	0	0	0	0	0	0	1	3	2	1	2	2	2	2	58
0	0	1	0	0	0	1	0	0	0	0	0	0	0	1	3	3	1	2	3	1	2	43
0	0	1	0	0	0	1	0	0	0	0	0	0	0	1	3	3	1	2	2	1	1	43
0	0	1	0	0	0	1	0	0	0	0	0	0	0	1	3	3	1	1	2	1	1	33
0	0	1	0	0	0	1	0	0	0	0	0	0	0	1	3	2	1	2	1	1	1	33
0	0	1	0	0	0	1	0	0	0	0	0	0	0	1	3	3	2	2	3	2	1	42
0	0	1	0	0	0	1	0	0	0	0	0	0	0	1	3	3	1	2	2	2	1	42
0	0	1	0	0	0	1	0	0	0	0	0	0	1	0	3	3	1	2	2	1	2	40