x	y	!blocks	
0.000244140625	0.3100723235149696	-0.0961048
0.000732421875	0.954938592733051	0.1644203
0.001220703125	0.700453081590597	1.2794516
0.001708984375	0.040228102081503736	-1.4404045
0.002197265625	0.6534825816524242	1.3524323
0.002685546875	0.205177340443515	0.4055436
0.003173828125	0.24913358070892833	3.2933719
0.003662109375	0.23719131214150546	-3.0803378
0.004150390625	0.7298296471889147	1.1314073
0.004638671875	0.775732867643984	-1.7616384
0.005126953125	0.9412433889074193	-2.3203680
0.005615234375	0.05360895574903446	0.8993919
0.006103515625	0.29550817236092597	0.6613375
0.006591796875	0.5882089138871309	-1.0738110
0.007080078125	0.8257927008360837	-2.3059548
0.007568359375	0.5742794254124092	-0.4922956
0.008056640625	0.804375705978565	-1.8915457
0.008544921875	0.7226369717798916	3.4358691
0.009033203125	0.25346232057248674	-0.1846463
0.009521484375	0.4747243962695138	-3.9258439
0.010009765625	0.04857851426723825	-0.8947295
0.010498046875	0.15599290424991663	-1.2835881
0.010986328125	0.46115739960160596	1.4401432
0.011474609375	0.7947460286320981	-2.8579818
0.011962890625	0.12571433739450566	2.2589507
0.012451171875	0.1884474276436986	1.1301361
0.012939453125	0.966739295653519	1.4435638
0.013427734375	0.8358291554284613	-1.7099987
0.013916015625	0.45318784758581876	-1.8789822
0.014404296875	0.6378249286958564	1.4168084
0.014892578125	0.23941944841895058	-0.6332910
0.015380859375	0.6988985449100189	1.5225345
0.015869140625	0.32893443031726277	0.7911350
0.016357421875	0.10637851990973823	-1.4758344
0.016845703125	0.09274605240052447	0.2744707
0.017333984375	0.5306991212455401	1.8888538
0.017822265625	0.9722590848762651	-0.2389755
0.018310546875	0.7538717174562343	-2.6821759
0.018798828125	0.38480789870441134	-4.3615912
0.019287109375	0.5050748816807226	0.7021245
0.019775390625	0.06935696298651572	-2.7415258
0.020263671875	0.04709006394078974	3.5392091
0.020751953125	0.9042267023508477	0.1529266
0.021240234375	0.929679587644966	-0.7854605
0.021728515625	0.595152271352034	-2.1981366
0.022216796875	0.8982888341627923	2.3144065
0.022705078125	0.7707032860961659	0.0388250
0.023193359375	0.6391609911868564	2.0784389
0.023681640625	0.08641317940481608	-3.9262087
0.024169921875	0.4537156552967655	-1.4046985
0.024658203125	0.2853290135920864	-0.5767179
0.025146484375	0.012617138961841246	-1.7772029
0.025634765625	0.6006700153863834	0.7027794
0.026123046875	0.5482297715866964	0.8536455
0.026611328125	0.9285688737278271	-0.1652714
0.027099609375	0.5361321224875837	0.5051318
0.027587890625	0.311284831045088	-0.5005976
0.028076171875	0.5031726833552074	0.3423691
0.028564453125	0.1227681937301851	1.2266086
0.029052734375	0.8204557008272555	-1.6673006
0.029541015625	0.06109049014190926	3.9427453
0.030029296875	0.5120272160277963	-1.3800848
0.030517578125	0.45122986423974165	-5.7611723
0.031005859375	0.3793993116768791	0.2055182
0.031494140625	0.22533781680782605	1.5976426
0.031982421875	0.3320353511855577	1.2211461
0.032470703125	0.25735461074807	2.3064305
0.032958984375	0.2762788275198881	3.0095325
0.033447265625	0.9192595944519802	0.4600139
0.033935546875	0.3798279776785294	0.7264083
0.034423828125	0.9350321695876607	-0.7732154
0.034912109375	0.9537423626982143	-0.4583510
0.035400390625	0.9263806920096495	0.6534109
0.035888671875	0.6152518581374943	0.6165752
0.036376953125	0.7654162380143928	1.1817785
0.036865234375	0.1765786604694055	0.1363894
0.037353515625	0.720773536982117	-1.5179118
0.037841796875	0.789962939000499	-0.3860211
0.038330078125	0.855411705584929	0.4321829
0.038818359375	0.03761039605350369	-3.7530036
0.039306640625	0.6097790589741628	-0.1112228
0.039794921875	0.7359871437474874	3.6859992
0.040283203125	0.5896477012120056	-1.2200592
0.040771484375	0.40353336722906774	-1.6531940
0.041259765625	0.33328284320374923	-1.3576343
0.041748046875	0.37433287023756623	0.9673761
0.042236328125	0.020405673577944983	2.4925446
0.042724609375	0.01057143385966064	3.5674233
0.043212890625	0.42145710884110543	-5.1135608
0.043701171875	0.034872356874447785	0.8251545
0.044189453125	0.7889165867858623	-2.0105743
0.044677734375	0.6590741140010254	-1.7681364
0.045166015625	0.2349492354729139	0.7971508
0.045654296875	0.49609173977496634	-3.6724151
0.046142578125	0.49663692285090866	-3.1442022
0.046630859375	0.6016920612977334	3.4856209
0.047119140625	0.8898177071443508	0.9014664
0.047607421875	0.8769423071075936	2.4607064
0.048095703125	0.9265585991073263	-0.6066189
0.048583984375	0.27152291164514686	-2.7481479
0.049072265625	0.204086810429423	3.6888649
0.049560546875	0.1429087186455783	1.6873060
0.050048828125	0.15230269969741828	-0.0375799
0.050537109375	0.9546286254573899	1.8477794
0.051025390625	0.3936121512137074	-1.8805904
0.051513671875	0.5245421294126309	-1.2790371
0.052001953125	0.36669285925393047	0.7854080
0.052490234375	0.8755822764961452	2.9102933
0.052978515625	0.49201818169809797	0.6563998
0.053466796875	0.5890897841865397	1.1604838
0.053955078125	0.21169912262409196	0.7314347
0.054443359375	0.4352109296653316	-0.9921166
0.054931640625	0.3727908801923717	4.1053847
0.055419921875	0.05448444141111608	2.3696883
0.055908203125	0.4980882844010567	1.3919977
0.056396484375	0.016458440800616758	1.8784432
0.056884765625	0.8111774665930185	-3.2305957
0.057373046875	0.6898407852490089	2.8119875
0.057861328125	0.46581247355693745	-1.0681341
0.058349609375	0.8573001301695689	-2.1331174
0.058837890625	0.23936642218717785	-1.7615110
0.059326171875	0.8077382615119981	2.8567778
0.059814453125	0.1551125418902588	-0.3999219
0.060302734375	0.9788990466481826	0.3149102
0.060791015625	0.720491030675543	-2.8012474
0.061279296875	0.9209525684904634	2.9628527
0.061767578125	0.03350862216390427	3.0311201
0.062255859375	0.052701457992009315	-0.6614775
0.062744140625	0.19531970288130385	-0.3273780
0.063232421875	0.10993100454311289	0.3028672
0.063720703125	0.7552949118514657	-1.2734484
0.064208984375	0.3919264994147964	1.9368079
0.064697265625	0.24006731007350113	-4.3688026
0.065185546875	0.5271898865913016	0.4824863
0.065673828125	0.8178519488358248	-0.7223567
0.066162109375	0.960913688888129	-0.8315175
0.066650390625	0.4145812310945747	1.3776192
0.067138671875	0.25094445802317755	2.7133166
0.067626953125	0.9230339340456002	2.2449866
0.068115234375	0.41004863729873	1.9961120
0.068603515625	0.7772270053919269	3.1161089
0.069091796875	0.39266514241055805	-0.2270748
0.069580078125	0.052084807767695085	-0.3049336
0.070068359375	0.6644961853918537	-1.9959464
0.070556640625	0.2961180546530253	-1.3839458
0.071044921875	0.9618865400097963	-4.3447416
0.071533203125	0.6189815527844608	-0.3656048
0.072021484375	0.5217273937784007	-3.0357922
0.072509765625	0.6959047510558973	3.1977640
0.072998046875	0.49647819073359634	2.4004977
0.073486328125	0.5797989180342444	-4.7151644
0.073974609375	0.04583466647462009	-1.8343926
0.074462890625	0.7451580691080892	-1.6665673
0.074951171875	0.8777195553995104	0.0663340
0.075439453125	0.044634613242658716	3.2583859
0.075927734375	0.28588729583706496	-3.8784763
0.076416015625	0.11145375508151956	-0.1159304
0.076904296875	0.06690354219923167	-6.2027604
0.077392578125	0.7638299103662588	-6.3088110
0.077880859375	0.9910874899216395	-1.0588035
0.078369140625	0.6895826993269456	-0.3169918
0.078857421875	0.723826669659017	-3.0301084
0.079345703125	0.8416652218527848	-1.9041474
0.079833984375	0.5472445567399296	-2.7615762
0.080322265625	0.7428843715545995	0.5101722
0.080810546875	0.7974061985097323	3.2692281
0.081298828125	0.16840626105941592	-2.4014855
0.081787109375	0.31709308886427323	1.2192829
0.082275390625	0.28851932042755213	2.2477131
0.082763671875	0.21479742862229856	0.5857791
0.083251953125	0.3555210401654313	1.9353459
0.083740234375	0.9312383156360625	0.6314494
0.084228515625	0.9045682274729072	1.2414892
0.084716796875	0.7377673666536008	-2.5291798
0.085205078125	0.4090838630738376	2.3858219
0.085693359375	0.8470202358128344	3.1640262
0.086181640625	0.5401646094432526	-1.5370082
0.086669921875	0.9037137825624679	-0.0798357
0.087158203125	0.9828270472169877	0.1642713
0.087646484375	0.6693451776514253	-1.2336178
0.088134765625	0.9694386501647326	-2.5632522
0.088623046875	0.7236011396835527	-0.3890463
0.089111328125	0.8149975179101812	4.0953727
0.089599609375	0.31054215560833387	-2.1333946
0.090087890625	0.24587020164106566	-1.9542853
0.090576171875	0.47021806157125834	1.0827225
0.091064453125	0.8721194598072255	-0.4910179
0.091552734375	0.055558271469282494	-2.1532287
0.092041015625	0.8857191435995182	-1.0272016
0.092529296875	0.4575437866603679	-2.7556125
0.093017578125	0.7979605312652518	1.1510419
0.093505859375	0.9943159147683266	4.7836390
0.093994140625	0.5375215970093828	-1.0558486
0.094482421875	0.18564360794632428	-0.8576761
0.094970703125	0.4974438449184897	-4.5711805
0.095458984375	0.08481211962534152	0.9659607
0.095947265625	0.5792108460677773	3.9603202
0.096435546875	0.6053964040289029	4.1427683
0.096923828125	0.07294371840469749	-0.0899183
0.097412109375	0.31854802668898996	-1.3878215
0.097900390625	0.42524202611531214	0.5095970
0.098388671875	0.5434899373023767	1.6303429
0.098876953125	0.8743479274139978	2.1185815
0.099365234375	0.07413456086561976	0.0793776
0.099853515625	0.3231703226653113	-2.5983902
0.100341796875	0.5205026529933264	17.3925346
0.100830078125	0.12446509911331771	15.2166281
0.101318359375	0.765428020553554	13.2411415
0.101806640625	0.0724520643851998	15.7961938
0.102294921875	0.2935232309638648	10.7995902
0.102783203125	0.4378008366744196	13.7555348
0.103271484375	0.317307012343813	17.3315427
0.103759765625	0.4078090646431919	12.6071437
0.104248046875	0.4596423873119323	14.1862321
0.104736328125	0.5634214167971932	12.9697481
0.105224609375	0.8352106228365741	13.6235037
0.105712890625	0.7553166071510209	17.8156187
0.106201171875	0.3677835917709751	12.0870029
0.106689453125	0.8515697795979797	12.7313912
0.107177734375	0.07381418434629017	18.3469642
0.107666015625	0.6914456094742651	15.8439702
0.108154296875	0.4037229184303308	8.4183605
0.108642578125	0.2688928286533925	14.4795526
0.109130859375	0.9557284855186803	18.6404975
0.109619140625	0.7136101956818465	16.4986068
0.110107421875	0.4367803650455575	15.9007699
0.110595703125	0.2685855781494496	11.9106079
0.111083984375	0.4428646768825203	13.8403983
0.111572265625	0.8653418697644811	13.8349100
0.112060546875	0.8465485659111837	11.9938244
0.112548828125	0.4594519983390123	16.1161325
0.113037109375	0.5211159087356163	12.1152455
0.113525390625	0.3500320457727565	16.1878139
0.114013671875	0.0841565470668183	14.7755514
0.114501953125	0.81182817064198	15.1423566
0.114990234375	0.9232636676866062	15.7489583
0.115478515625	0.5142548009266428	11.0814463
0.115966796875	0.1649503518379899	16.9907763
0.116455078125	0.08850887100007976	14.7101686
0.116943359375	0.485525633537236	15.1357800
0.117431640625	0.4850021788923402	13.4862314
0.117919921875	0.838103828672548	15.9928646
0.118408203125	0.2952633435737886	14.0471891
0.118896484375	0.7099187111857945	8.0051361
0.119384765625	0.3047346604687513	16.4522542
0.119873046875	0.43355668831676364	15.4838214
0.120361328125	0.2082222354322052	11.2537517
0.120849609375	0.1876193089424606	12.4849396
0.121337890625	0.6239695976792207	13.4965226
0.121826171875	0.5478092888851432	10.8847107
0.122314453125	0.45436203907281225	12.7243180
0.122802734375	0.02776038697286254	13.6581883
0.123291015625	0.8832009813639616	14.7029336
0.123779296875	0.7974864026630533	12.2462631
0.124267578125	0.19650956930035024	14.7713772
0.124755859375	0.3316132097769672	15.5599573
0.125244140625	0.4442639430416463	15.2670107
0.125732421875	0.8432151744194842	14.9790412
0.126220703125	0.20573346751843424	18.7776914
0.126708984375	0.05385843735863893	14.5397886
0.127197265625	0.3158277880258067	13.6489113
0.127685546875	0.7662454187847174	15.8030253
0.128173828125	0.9916861008262458	14.0299231
0.128662109375	0.3006604427789593	15.5933389
0.129150390625	0.9585219695313589	12.5515516
0.129638671875	0.6663727576201823	10.8358046
0.130126953125	0.7054031245242393	-2.6288949
0.130615234375	0.2285151399921389	-3.1720677
0.131103515625	0.15226902089351113	-3.9509594
0.131591796875	0.04210834249035944	-3.4175976
0.132080078125	0.7292647840365011	-5.1276721
0.132568359375	0.228350673567409	-0.0295471
0.133056640625	0.061719836661526695	-1.0590210
0.133544921875	0.11267182044396817	-2.1796914
0.134033203125	0.22526718772006493	-3.4898676
0.134521484375	0.0061169798076681214	-7.2918115
0.135009765625	0.44525563109582855	-5.0060245
0.135498046875	0.7462660829693237	-2.7910993
0.135986328125	0.4254478453084566	-4.9656982
0.136474609375	0.5041090217400535	-0.5943599
0.136962890625	0.4188427242033034	-0.0202339
0.137451171875	0.07022682408996261	-5.7436557
0.137939453125	0.117254399967881	-4.9847141
0.138427734375	0.34652576278934355	-4.3025950
0.138916015625	0.30809537825344846	-3.5077416
0.139404296875	0.15602081032721649	-2.5324430
0.139892578125	0.6018416951643696	-9.9752110
0.140380859375	0.6382748065182463	-7.7650105
0.140869140625	0.9002228361860294	-2.9938616
0.141357421875	0.39570112562908544	-4.2422928
0.141845703125	0.38472662387712564	-2.9949847
0.142333984375	0.4977906753966428	0.4682995
0.142822265625	0.8421069344494374	-2.8993202
0.143310546875	0.3163097017978218	-2.2999445
0.143798828125	0.9959262281294332	-3.6104763
0.144287109375	0.6626420807785921	-1.7925879
0.144775390625	0.021577055766475173	0.4473365
0.145263671875	0.6148502937847607	-3.6006321
0.145751953125	0.6306496287394439	-1.2774688
0.146240234375	0.8709622309757544	-6.4646015
0.146728515625	0.5160190666574408	-5.3783192
0.147216796875	0.1388383071287984	-4.5286237
0.147705078125	0.7518096266013856	0.2963016
0.148193359375	0.49224252412975344	-2.4749986
0.148681640625	0.0957757850787202	-4.2290087
0.149169921875	0.38606602677720825	-2.4751344
0.149658203125	0.40206497437349165	-3.0796616
0.150146484375	0.05778968895672654	8.2090662
0.150634765625	0.3293665677123341	5.3890186
0.151123046875	0.8521052763346691	4.2292072
0.151611328125	0.735800190736109	9.8096654
0.152099609375	0.9241524466098442	11.2305306
0.152587890625	0.05337368833768541	8.4820481
0.153076171875	0.21520185104334932	6.2914149
0.153564453125	0.20039436673523758	8.4374504
0.154052734375	0.29208289561176726	5.1302045
0.154541015625	0.34191396888337067	9.3966586
0.155029296875	0.915599228160426	7.9896111
0.155517578125	0.8713262581429103	7.7536340
0.156005859375	0.19910491324705504	7.5542277
0.156494140625	0.13893410327590983	10.8249297
0.156982421875	0.15996161945687626	5.8808701
0.157470703125	0.6771080426884201	6.9441108
0.157958984375	0.905519960811339	6.9979231
0.158447265625	0.4011383539572293	9.6501236
0.158935546875	0.7614493757893932	7.1149813
0.159423828125	0.6377355491293693	7.1701155
0.159912109375	0.30168833127699135	7.0908410
0.160400390625	0.9401780999569106	6.4994563
0.160888671875	0.5121325019505775	5.4873546
0.161376953125	0.7842879105900792	6.4697219
0.161865234375	0.5786820101260461	10.7177229
0.162353515625	0.14980241964971464	7.7338445
0.162841796875	0.9768109787113127	6.5142662
0.163330078125	0.1275050832458321	6.5660434
0.163818359375	0.4249126369192383	8.2991778
0.164306640625	0.45698949755930063	5.6052634
0.164794921875	0.6959432263951433	10.6348701
0.165283203125	0.8996170264375645	9.4163621
0.165771484375	0.438096255347603	6.0578873
0.166259765625	0.645649258715707	4.9722458
0.166748046875	0.790266887107007	4.1552508
0.167236328125	0.3063931444304676	8.1445284
0.167724609375	0.27492443095721575	7.5760444
0.168212890625	0.16730706404416285	5.8219014
0.168701171875	0.8708291955813221	7.8715368
0.169189453125	0.19532675063012772	10.8292771
0.169677734375	0.300068511018171	6.6803223
0.170166015625	0.17524985411392324	8.3915885
0.170654296875	0.975526463732422	6.5737987
0.171142578125	0.37106410522883726	7.6597564
0.171630859375	0.1416524011895134	7.4242159
0.172119140625	0.296935157145791	5.1347970
0.172607421875	0.9768855734357772	9.3862729
0.173095703125	0.770632442385181	9.4006577
0.173583984375	0.6120866161081929	5.1152558
0.174072265625	0.09403473824434305	8.0035445
0.174560546875	0.5357030677020178	9.9947328
0.175048828125	0.34871805677547385	9.1386591
0.175537109375	0.9111639861159962	4.9789736
0.176025390625	0.7503042327639722	4.9622729
0.176513671875	0.21128960123906526	5.9243216
0.177001953125	0.3171892678303315	7.6712714
0.177490234375	0.8925759107837519	4.9678222
0.177978515625	0.7745409322747313	12.1986449
0.178466796875	0.7814515863199851	6.8441140
0.178955078125	0.33325567503180886	2.1824396
0.179443359375	0.44551489359835394	5.0815951
0.179931640625	0.40921200981134354	9.7230746
0.180419921875	0.17397336363595672	6.3604093
0.180908203125	0.33709937369204235	3.9559834
0.181396484375	0.71978793683094	7.7937393
0.181884765625	0.9949054780130803	4.0997436
0.182373046875	0.6662468193796455	7.7230612
0.182861328125	0.0025102476162028875	8.8467476
0.183349609375	0.0058723469019977825	6.9337951
0.183837890625	0.7565771869805753	5.1781793
0.184326171875	0.17082828755826018	2.9351149
0.184814453125	0.18300142890732551	7.7951774
0.185302734375	0.570603727745104	10.9298864
0.185791015625	0.34963680400227415	11.8629660
0.186279296875	0.4920844032451911	7.2175695
0.186767578125	0.31107774620583484	4.6924464
0.187255859375	0.6446937389142019	5.3376069
0.187744140625	0.03223632912155994	7.3265984
0.188232421875	0.4127228248183714	10.6914269
0.188720703125	0.4397740319484774	3.0241025
0.189208984375	0.06003289430535319	6.2060366
0.189697265625	0.5146951861397313	2.4533448
0.190185546875	0.34888528030179455	11.2496746
0.190673828125	0.5032763249538198	6.0995002
0.191162109375	0.7427415296924932	6.3281923
0.191650390625	0.37781566223116647	9.1531838
0.192138671875	0.09861401289784011	7.8321500
0.192626953125	0.41738406814364715	7.6233810
0.193115234375	0.3821898492904554	8.0699825
0.193603515625	0.44891355194891214	9.5999077
0.194091796875	0.9008850658121207	10.4255748
0.194580078125	0.840766375770473	2.8958792
0.195068359375	0.11671589677482985	8.7801137
0.195556640625	0.677708640614899	8.2439155
0.196044921875	0.6210348787792367	7.3354218
0.196533203125	0.7744114179257016	5.8374838
0.197021484375	0.00352810148502658	8.6701227
0.197509765625	0.8637898366513809	2.5883347
0.197998046875	0.38328951893094587	5.4330457
0.198486328125	0.6893626028684745	8.8919588
0.198974609375	0.3732863086817003	10.2075810
0.199462890625	0.05319092836547101	5.8291008
0.199951171875	0.38223837289503204	3.7440425
0.200439453125	0.5417811226439201	12.4346600
0.200927734375	0.9091143724140698	6.3840313
0.201416015625	0.543682102913406	7.5945460
0.201904296875	0.9224773730583686	9.5319049
0.202392578125	0.8595692101679503	6.9773071
0.202880859375	0.4353032553702022	6.4627774
0.203369140625	0.21670368106937765	8.1769355
0.203857421875	0.9592792988528726	8.3044034
0.204345703125	0.06623435671691702	7.7405054
0.204833984375	0.9527233690972225	7.6202217
0.205322265625	0.34843798259307834	8.3875293
0.205810546875	0.5430317099315765	7.4451698
0.206298828125	0.3453694031909026	8.9982420
0.206787109375	0.4159713582242952	6.7095288
0.207275390625	0.14333656872079859	6.4664341
0.207763671875	0.6063156338161195	8.9173333
0.208251953125	0.6430693798165508	7.4420358
0.208740234375	0.11153461608348125	9.0987904
0.209228515625	0.9804891382718666	7.5616956
0.209716796875	0.4748813785048107	8.4019067
0.210205078125	0.8558006343171324	8.0243834
0.210693359375	0.266765339210448	10.3392167
0.211181640625	0.7665418653381716	6.8260793
0.211669921875	0.3324101464054906	4.7670355
0.212158203125	0.8576837657071541	8.6852694
0.212646484375	0.6962125600373699	7.0011703
0.213134765625	0.848442533864591	11.0892396
0.213623046875	0.6238333077413695	8.8878564
0.214111328125	0.7838466365688948	6.8848715
0.214599609375	0.8748696321986178	6.2042671
0.215087890625	0.6551104725680627	6.4964320
0.215576171875	0.043113863462865276	3.0614779
0.216064453125	0.9054492378920362	9.7863394
0.216552734375	0.817151327785582	7.1153599
0.217041015625	0.6091994132574104	7.4856754
0.217529296875	0.3187773410271586	6.4292579
0.218017578125	0.5071777567528158	6.0078594
0.218505859375	0.5359234811562331	10.6826528
0.218994140625	0.878441791367538	13.0005477
0.219482421875	0.4841125235110907	7.3397753
0.219970703125	0.40945010321778763	3.6385136
0.220458984375	0.6576652244351922	8.9321066
0.220947265625	0.2206334856951575	6.0055937
0.221435546875	0.6988446424953083	7.6458828
0.221923828125	0.16527056607108737	6.6924490
0.222412109375	0.9778521666540839	6.2771426
0.222900390625	0.5171379439712183	5.6356964
0.223388671875	0.975217232974722	9.7915956
0.223876953125	0.5056168892598185	8.1626264
0.224365234375	0.3549062556149173	5.3820198
0.224853515625	0.5868592839228468	9.8231380
0.225341796875	0.35380087828827067	2.7747906
0.225830078125	0.3074380429636293	8.0838730
0.226318359375	0.36156616813889	7.1293535
0.226806640625	0.5259541335743473	6.5014415
0.227294921875	0.1729806045565656	6.6941669
0.227783203125	0.2147861393867614	6.5963896
0.228271484375	0.5392899467150409	8.2206063
0.228759765625	0.12812223105559117	2.9885314
0.229248046875	0.08095570733465529	9.7731463
0.229736328125	0.056301894889105086	7.6606514
0.230224609375	0.9343089853678374	-7.3019771
0.230712890625	0.906136232533923	-6.7137940
0.231201171875	0.3502196757913467	-8.2044103
0.231689453125	0.37121769565568474	-7.3297783
0.232177734375	0.8332108251338659	-5.4897673
0.232666015625	0.8573414790392978	-3.4748050
0.233154296875	0.8718693748852837	-8.2614306
0.233642578125	0.681237799716418	-4.2743786
0.234130859375	0.26143549351507733	-8.5269952
0.234619140625	0.39417667871406703	-6.8460436
0.235107421875	0.930726775412659	-7.6686082
0.235595703125	0.6271009077234876	-2.2604025
0.236083984375	0.8598285478336648	-8.7334767
0.236572265625	0.7953368684118679	-4.3085768
0.237060546875	0.4921381892548814	-5.6136549
0.237548828125	0.7263250961816695	-9.9258989
0.238037109375	0.21240126477283672	-6.3972002
0.238525390625	0.12402025506542069	-7.9803395
0.239013671875	0.2674496877085828	-6.2457447
0.239501953125	0.30258071794681174	-9.9299084
0.239990234375	0.5627062264785112	-3.3394358
0.240478515625	0.8067711392824934	-12.2617425
0.240966796875	0.26753962285982336	-9.3337706
0.241455078125	0.08733223307343196	-7.3982483
0.241943359375	0.1267450513320988	-5.4640626
0.242431640625	0.9697506905037091	-7.3600844
0.242919921875	0.9024222005457435	-2.4128414
0.243408203125	0.10083503850409892	-9.0599277
0.243896484375	0.8870818952040547	-10.4042876
0.244384765625	0.1888388400963239	-5.2233323
0.244873046875	0.9398187509431252	-5.1439659
0.245361328125	0.6822689031042871	-6.6380360
0.245849609375	0.8358448253126001	-11.0022886
0.246337890625	0.5257895454185543	-4.2251776
0.246826171875	0.7967264840947441	-6.4210088
0.247314453125	0.957734705988258	-5.2677991
0.247802734375	0.12355468074220488	-10.7481999
0.248291015625	0.5947330417503558	-3.3660510
0.248779296875	0.7053967914288406	-9.7270053
0.249267578125	0.6100365958145769	-6.8034989
0.249755859375	0.4662290862393643	-6.5007039
0.250244140625	0.9316385210433565	10.7568642
0.250732421875	0.26876845299196805	10.4880884
0.251220703125	0.5456171536320863	11.9308761
0.251708984375	0.464966657203692	11.3151716
0.252197265625	0.12392095345052778	16.7283091
0.252685546875	0.8002835859569238	10.9900278
0.253173828125	0.9417082048936756	11.4049699
0.253662109375	0.20022479276041594	13.2507513
0.254150390625	0.9981964399504845	9.3746444
0.254638671875	0.6291473131015279	11.8805814
0.255126953125	0.20070513876897278	10.1081860
0.255615234375	0.5772618781862408	10.8024375
0.256103515625	0.6612601960763871	11.6448332
0.256591796875	0.2444745843750441	9.1300718
0.257080078125	0.5389685956280823	9.7563226
0.257568359375	0.4197226680779961	12.0838124
0.258056640625	0.34268235727756036	14.7542598
0.258544921875	0.7504006318768702	12.7492512
0.259033203125	0.29370168804277297	9.9022006
0.259521484375	0.23510351635726257	13.8444192
0.260009765625	0.7969863600567334	9.9098276
0.260498046875	0.6091142546947972	13.5199670
0.260986328125	0.5442469690273194	7.3551977
0.261474609375	0.9088416157675357	13.0607765
0.261962890625	0.489195580562504	10.1238195
0.262451171875	0.05990609623290888	12.6183556
0.262939453125	0.3130926203211223	8.1338021
0.263427734375	0.3230307596409955	14.4295778
0.263916015625	0.9096035811708624	10.8552540
0.264404296875	0.9197066223498305	12.1051252
0.264892578125	0.4370721609271352	8.3773036
0.265380859375	0.04127331583167315	12.1560341
0.265869140625	0.14194445267389288	10.9545287
0.266357421875	0.6942214086869074	9.4029677
0.266845703125	0.18068781727665773	6.8468513
0.267333984375	0.7529364612142224	13.2930378
0.267822265625	0.2437090965549421	10.4738800
0.268310546875	0.05865459999300837	12.1742958
0.268798828125	0.8011827035482145	7.1541227
0.269287109375	0.12808816396886524	11.3371230
0.269775390625	0.08817459375791448	12.9921646
0.270263671875	0.8031432249086601	12.3981898
0.270751953125	0.5689324898317075	8.1336573
0.271240234375	0.0986466187457905	12.3819771
0.271728515625	0.06478316415085872	9.6122205
0.272216796875	0.28040908734161507	9.7143741
0.272705078125	0.19692224391751278	9.9126885
0.273193359375	0.35178391447652246	11.6594146
0.273681640625	0.43782833002859944	12.6454678
0.274169921875	0.24176669519690308	12.8839946
0.274658203125	0.2395197668931105	11.9183179
0.275146484375	0.9983835369008298	10.0212705
0.275634765625	0.22297561335086635	8.5545440
0.276123046875	0.7025091819327554	11.6978377
0.276611328125	0.7834519454647413	11.6863703
0.277099609375	0.9623582419222818	10.1117649
0.277587890625	0.15696607237783644	13.6700591
0.278076171875	0.13882672908934024	10.1968305
0.278564453125	0.6728357279128547	11.0413467
0.279052734375	0.6258932046525136	11.2749595
0.279541015625	0.7079201791073797	12.8834539
0.280029296875	0.885794785771757	8.7634763
0.280517578125	0.5853110855993083	5.4089910
0.281005859375	0.6611866192562508	10.3141242
0.281494140625	0.10198143968708329	10.9187735
0.281982421875	0.07960224014941297	11.5313419
0.282470703125	0.5077682727564214	6.6440146
0.282958984375	0.7810186445647077	12.8830783
0.283447265625	0.02660785000834276	8.9489882
0.283935546875	0.8670727326688953	9.9473855
0.284423828125	0.5478570061936655	10.0407552
0.284912109375	0.3484862879135794	10.6147692
0.285400390625	0.011640807860887725	12.8239488
0.285888671875	0.8916645869947458	11.2518219
0.286376953125	0.5614109876674288	11.5211619
0.286865234375	0.400500324381897	8.4238068
0.287353515625	0.48635068806131554	9.9051710
0.287841796875	0.25751807142453353	9.2041774
0.288330078125	0.7761156521301078	15.3379706
0.288818359375	0.6601483061760639	12.7070614
0.289306640625	0.163979012408907	11.5025474
0.289794921875	0.27175163897374877	11.0312943
0.290283203125	0.44819327415058974	10.8938845
0.290771484375	0.5397847398892259	10.0960408
0.291259765625	0.7148671644221966	11.4352892
0.291748046875	0.2700909814574878	10.0464405
0.292236328125	0.601574115607296	7.8983725
0.292724609375	0.9697182352752987	11.3319703
0.293212890625	0.6550821910703455	7.0596034
0.293701171875	0.7420483472791846	14.6676600
0.294189453125	0.06796802622144926	12.8421814
0.294677734375	0.12662265425981	14.7926039
0.295166015625	0.9995202974483706	16.1771284
0.295654296875	0.7892515148302532	8.4290623
0.296142578125	0.3714462649013577	10.8776683
0.296630859375	0.7813071440322775	8.6637116
0.297119140625	0.5067890845255654	13.2707738
0.297607421875	0.6741555702801453	15.5435044
0.298095703125	0.4825880408885288	8.8697866
0.298583984375	0.037238140105060324	12.3602533
0.299072265625	0.2777399129836816	9.9788643
0.299560546875	0.8462526487164823	13.5984155
0.300048828125	0.10494271881564277	11.6105033
0.300537109375	0.6892138863967314	10.0304693
0.301025390625	0.06034202755794926	12.2963821
0.301513671875	0.3690279519048597	12.2534279
0.302001953125	0.9505024100634399	13.0143752
0.302490234375	0.2958496337736958	11.1149294
0.302978515625	0.860660231298632	11.8756792
0.303466796875	0.11329335797661289	15.3074687
0.303955078125	0.41107656588895647	10.5356987
0.304443359375	0.33004031032936254	13.8250371
0.304931640625	0.36301889655670716	10.5779323
0.305419921875	0.4311623261842964	12.8387712
0.305908203125	0.1389042799302712	14.5227703
0.306396484375	0.448324259873893	12.7290517
0.306884765625	0.22200403353798515	9.8436326
0.307373046875	0.27981278048290303	12.9863924
0.307861328125	0.3125359629364749	13.4845333
0.308349609375	0.0030801363234249646	9.8491236
0.308837890625	0.5047773276800911	13.7834690
0.309326171875	0.9253178863732355	11.9371966
0.309814453125	0.7829611589145852	10.9875261
0.310302734375	0.4107467771252802	11.5821484
0.310791015625	0.4342445897474282	14.3908453
0.311279296875	0.42420661116506586	14.0068662
0.311767578125	0.8701547363216828	7.0423355
0.312255859375	0.8847631714593903	11.0805213
0.312744140625	0.11194240451448545	11.1676326
0.313232421875	0.05404942039542282	7.9817596
0.313720703125	0.3116587356002346	11.7448435
0.314208984375	0.3436843513611616	9.0583147
0.314697265625	0.08407690680527868	9.6506716
0.315185546875	0.7442473115078215	15.4275097
0.315673828125	0.7525125899201189	10.5712380
0.316162109375	0.012935872960634032	11.1424638
0.316650390625	0.45496879427271053	12.2769334
0.317138671875	0.344334545555675	11.7980701
0.317626953125	0.20979008063833227	14.3196738
0.318115234375	0.35292821621503523	11.2991133
0.318603515625	0.7492288897350236	10.2944409
0.319091796875	0.2594890544047226	11.0786380
0.319580078125	0.14519582710642864	9.0974006
0.320068359375	0.4667595918677505	10.3289043
0.320556640625	0.8773092242710008	14.0137667
0.321044921875	0.5815767136521253	10.6774896
0.321533203125	0.13562081401697057	10.6935791
0.322021484375	0.06749380729139987	13.5253147
0.322509765625	0.3686445782217017	11.6653054
0.322998046875	0.3489388197362159	9.7501868
0.323486328125	0.6442499746586741	13.3864905
0.323974609375	0.4180077715697561	9.1706724
0.324462890625	0.5024199424518695	5.1656011
0.324951171875	0.9792647480681256	11.6765066
0.325439453125	0.06376201487847888	11.8774859
0.325927734375	0.39566039310201295	11.7332889
0.326416015625	0.08806977613644007	12.3257901
0.326904296875	0.2372747915442962	10.9050968
0.327392578125	0.0283555660886875	10.2103957
0.327880859375	0.9795433796557228	13.3086392
0.328369140625	0.42593464391038904	10.5243530
0.328857421875	0.3225705126136418	11.3283659
0.329345703125	0.9727817309242972	13.3647836
0.329833984375	0.009831438390305314	6.7684587
0.330322265625	0.4130720943311178	12.6014176
0.330810546875	0.7928935243257786	16.0628639
0.331298828125	0.05425836053371058	8.9493019
0.331787109375	0.026757587054780152	10.1949529
0.332275390625	0.8500381404904487	9.0543899
0.332763671875	0.07416565996017155	12.8846392
0.333251953125	0.8470865591204492	7.3134885
0.333740234375	0.36099713290704816	9.6709140
0.334228515625	0.7515261342894058	12.4874059
0.334716796875	0.2510667983485467	6.9358824
0.335205078125	0.6699851578605578	10.9396191
0.335693359375	0.4177513231053186	8.7721363
0.336181640625	0.8670709648358746	12.5290467
0.336669921875	0.6805390966919241	10.0702287
0.337158203125	0.0126045794267865	10.0949238
0.337646484375	0.2735801051931418	13.1677828
0.338134765625	0.6775952592014488	10.3764766
0.338623046875	0.7254896836668671	11.7088299
0.339111328125	0.29037649356812545	7.6303840
0.339599609375	0.28804057896029756	9.6082715
0.340087890625	0.8493962977216858	13.7558581
0.340576171875	0.5670959116516178	11.0469010
0.341064453125	0.07580077798686158	9.1422838
0.341552734375	0.42144585129016776	10.8279201
0.342041015625	0.4992413282489472	11.7044818
0.342529296875	0.6215009339058035	13.4503968
0.343017578125	0.029467560404001447	6.4293826
0.343505859375	0.34556708051891316	13.3910991
0.343994140625	0.6525601194777243	10.5176109
0.344482421875	0.5603195014611793	10.7162679
0.344970703125	0.9855560403359247	10.1237449
0.345458984375	0.23585869676889804	11.6198474
0.345947265625	0.9612933861824928	10.0406070
0.346435546875	0.3142570283251468	9.6681178
0.346923828125	0.03424842421415886	12.7157379
0.347412109375	0.3417951809397859	15.6324698
0.347900390625	0.08877630960606242	7.5675110
0.348388671875	0.7252778857648621	13.2865725
0.348876953125	0.9874415141655747	10.4298825
0.349365234375	0.04616511256904743	12.7765774
0.349853515625	0.16610672123081693	11.7637768
0.350341796875	0.7051410651892767	9.9445084
0.350830078125	0.3143349032932301	10.5576659
0.351318359375	0.14467658647534254	11.5544140
0.351806640625	0.37776751344803805	9.3136019
0.352294921875	0.8567554021826848	8.0450949
0.352783203125	0.48991890811249894	13.3357933
0.353271484375	0.5039851508863971	11.7613408
0.353759765625	0.04384354419412495	13.7225586
0.354248046875	0.519687668491183	10.0308181
0.354736328125	0.7120814991293115	8.4799030
0.355224609375	0.08926395194706815	9.6560443
0.355712890625	0.5319933584412887	9.1832386
0.356201171875	0.11229136211757151	12.4452547
0.356689453125	0.11199859316505678	11.5106751
0.357177734375	0.5916933820163207	9.2718927
0.357666015625	0.9544064260896955	11.3822598
0.358154296875	0.4603054761355104	12.5349107
0.358642578125	0.9076671741160883	13.2523156
0.359130859375	0.5317546392263368	11.8148329
0.359619140625	0.8832970548894741	10.7262926
0.360107421875	0.5254064178198429	12.4379167
0.360595703125	0.4318861998150123	7.8370250
0.361083984375	0.7659708657996442	10.9188981
0.361572265625	0.25305593346643274	10.1743891
0.362060546875	0.5770780065504028	11.3535332
0.362548828125	0.6036857590070013	10.6114311
0.363037109375	0.7827458464038496	11.9627997
0.363525390625	0.20800168811357467	9.3328692
0.364013671875	0.38729839321579174	5.2282110
0.364501953125	0.20614952539410647	9.4299500
0.364990234375	0.037208935082838734	11.7309216
0.365478515625	0.9017434124920343	7.9000328
0.365966796875	0.4699245537894007	14.4177346
0.366455078125	0.2837720315534049	14.1791641
0.366943359375	0.8454826170792268	10.7449252
0.367431640625	0.15748752748009998	11.3703858
0.367919921875	0.7352885300696684	14.1520490
0.368408203125	0.07893640746987163	10.2656774
0.368896484375	0.03554642169602851	12.1183374
0.369384765625	0.45819056209513964	13.5921025
0.369873046875	0.1854021092588437	12.9190351
0.370361328125	0.18979442208699293	12.8341084
0.370849609375	0.6348795276718506	11.6502969
0.371337890625	0.9512815474163842	9.0574119
0.371826171875	0.43629938789574907	13.6438159
0.372314453125	0.05077538519095881	14.1135958
0.372802734375	0.3643213184276508	13.6400776
0.373291015625	0.024746680210897765	11.1451010
0.373779296875	0.9214296695593864	10.1869632
0.374267578125	0.4121461847005643	10.5765652
0.374755859375	0.6030977037455341	13.0255735
0.375244140625	0.539690254940306	13.4401307
0.375732421875	0.6036458632798717	12.9315487
0.376220703125	0.22648994601741246	11.7184722
0.376708984375	0.7917183510370543	8.8247539
0.377197265625	0.9890551116536072	9.7906972
0.377685546875	0.9032162191497242	10.0448866
0.378173828125	0.23766572901708338	10.5459340
0.378662109375	0.9474581793149529	14.9732884
0.379150390625	0.693007443497702	13.0043484
0.379638671875	0.33542041056492367	10.3984460
0.380126953125	0.611757889153519	13.9913149
0.380615234375	0.08139364004839056	10.2922602
0.381103515625	0.6385598636212552	12.2410532
0.381591796875	0.04367341204501052	10.2047242
0.382080078125	0.14971770533195028	9.9932220
0.382568359375	0.8264730787630606	10.6506088
0.383056640625	0.7243277813702985	12.8540660
0.383544921875	0.01275363898701909	11.8684029
0.384033203125	0.9778468936913085	10.7743005
0.384521484375	0.5128573824746999	13.1367985
0.385009765625	0.9808840738178028	12.4195738
0.385498046875	0.2515945765341888	7.9622043
0.385986328125	0.12496599260384933	10.6558186
0.386474609375	0.2597754341717471	9.5922642
0.386962890625	0.8029975787759456	11.2554637
0.387451171875	0.6462318674057506	9.1151472
0.387939453125	0.06405774082594806	7.5451279
0.388427734375	0.39239648572418817	9.7577968
0.388916015625	0.3521109619219144	11.4996810
0.389404296875	0.500880925567689	12.1466566
0.389892578125	0.12136972759367626	15.7330025
0.390380859375	0.6377295721803786	10.6799374
0.390869140625	0.06573409640939676	7.8403038
0.391357421875	0.008752416834483356	10.7453060
0.391845703125	0.6374060769854304	8.6432232
0.392333984375	0.10531770385798389	8.1153663
0.392822265625	0.6449992101582982	6.8574356
0.393310546875	0.024096440337519676	11.2828097
0.393798828125	0.9019338748041998	13.9375378
0.394287109375	0.016502532997191066	3.3743031
0.394775390625	0.9824445383797439	12.1790951
0.395263671875	0.543098333672785	11.4558006
0.395751953125	0.1790743833026336	6.2871020
0.396240234375	0.5102928880764059	9.1258584
0.396728515625	0.239163396249778	11.6824361
0.397216796875	0.2436326002738486	11.9294669
0.397705078125	0.5887453339589273	13.3421785
0.398193359375	0.6243784631287541	6.5948874
0.398681640625	0.6837759209293919	10.7274898
0.399169921875	0.28251352501263294	11.2064249
0.399658203125	0.21716516493202642	11.3826765
0.400146484375	0.7265876690128357	-3.0544469
0.400634765625	0.965251163735942	-5.6781617
0.401123046875	0.30376433012255544	-1.4658624
0.401611328125	0.5918259729141201	-4.0709735
0.402099609375	0.2550967648274445	-5.9980677
0.402587890625	0.20742728026565205	-5.8328331
0.403076171875	0.2725596189408842	-4.2669713
0.403564453125	0.5752866754618052	-4.7686419
0.404052734375	0.6149545345117091	-3.8823344
0.404541015625	0.6851482372242247	-5.6366091
0.405029296875	0.31687807655752886	-3.0757943
0.405517578125	0.8073338286115893	-6.4603339
0.406005859375	0.4739955191390526	-4.6516388
0.406494140625	0.870255269328808	-3.6063920
0.406982421875	0.23253586648577718	-2.6842746
0.407470703125	0.05650231658360916	-8.2706293
0.407958984375	0.502971732228432	-3.0191749
0.408447265625	0.32024234916108074	-3.5050100
0.408935546875	0.6871537053671555	-7.4091554
0.409423828125	0.2296436628005416	-5.0171636
0.409912109375	0.8127412263207804	-2.9009553
0.410400390625	0.22320437585973207	-5.9985673
0.410888671875	0.44474318206311036	-0.9841730
0.411376953125	0.33217518473279073	-3.8493457
0.411865234375	0.9556093258061841	-8.4672738
0.412353515625	0.40977778918613494	-2.7004938
0.412841796875	0.12498121362516268	-8.5083116
0.413330078125	0.3718381672901675	-2.5515236
0.413818359375	0.37842634325885227	-2.7859620
0.414306640625	0.2960933256809677	-7.6129113
0.414794921875	0.1098738253343845	-0.6258091
0.415283203125	0.05523880800384129	-7.6657710
0.415771484375	0.6418034539878055	-0.6830008
0.416259765625	0.5313311434680662	-2.7530320
0.416748046875	0.21539356790564868	-3.1868663
0.417236328125	0.13914107251647012	-8.5338992
0.417724609375	0.5528157138100611	-4.9623168
0.418212890625	0.08928841926661835	-6.6496392
0.418701171875	0.6568076797715209	-6.8178846
0.419189453125	0.4674254481964012	-2.0062191
0.419677734375	0.5978201288683085	-1.8476328
0.420166015625	0.16544032996588198	-4.2267830
0.420654296875	0.6537967598100126	-0.7379700
0.421142578125	0.04982349143792897	-5.5960209
0.421630859375	0.7075230066180224	-5.2353515
0.422119140625	0.5192955368783121	-4.7700434
0.422607421875	0.7450965786863784	-0.4576972
0.423095703125	0.019983093252838535	-2.2522456
0.423583984375	0.4381899728234999	0.1475673
0.424072265625	0.8364172511451814	-3.8990428
0.424560546875	0.5122786655370993	-1.9436984
0.425048828125	0.9481144470696905	-2.6398872
0.425537109375	0.11089893433129161	-8.5380728
0.426025390625	0.27530173170593386	-3.0199826
0.426513671875	0.9484178500865196	-5.0272564
0.427001953125	0.7774125968992167	-1.2563968
0.427490234375	0.31499480563716153	-2.8721411
0.427978515625	0.6113761477413209	-6.8694305
0.428466796875	0.14977774861020532	-4.1294018
0.428955078125	0.6036472509470094	-7.3357376
0.429443359375	0.4524117652770909	1.9510122
0.429931640625	0.29369788552007614	0.5318635
0.430419921875	0.35727843425789996	-2.8039410
0.430908203125	0.623755993893083	-3.7942106
0.431396484375	0.6762876527256261	0.0751983
0.431884765625	0.2895083401775316	-7.8212884
0.432373046875	0.6293926933033641	-2.5684472
0.432861328125	0.8419726733770507	-7.9718343
0.433349609375	0.6603019834741868	-2.8560255
0.433837890625	0.8076134282312857	-7.1123701
0.434326171875	0.5892506038749002	-4.9888482
0.434814453125	0.5409673359311918	-2.8738149
0.435302734375	0.1244274063571651	-5.3859346
0.435791015625	0.8636348079305496	-5.6378999
0.436279296875	0.7561146560810669	-5.2412465
0.436767578125	0.10067026729597128	-5.4639189
0.437255859375	0.9382921519310455	-3.2493224
0.437744140625	0.17849460331363698	-5.4681137
0.438232421875	0.9450207373959222	-7.2591839
0.438720703125	0.4788973075885927	-7.7903021
0.439208984375	0.9251089284540609	-6.2977011
0.439697265625	0.0860679863558046	-6.2731522
0.440185546875	0.09826288731771016	3.1248920
0.440673828125	0.5555891367676801	-0.1421411
0.441162109375	0.19713299319720567	0.7141481
0.441650390625	0.9667574816533882	7.5343652
0.442138671875	0.6985324065129684	3.2485121
0.442626953125	0.5864229151881318	6.4918106
0.443115234375	0.9678707283950319	4.8739300
0.443603515625	0.22081368737234552	2.3662634
0.444091796875	0.6059054031603466	1.5127130
0.444580078125	0.21174923626971331	2.8105008
0.445068359375	0.30676739031450206	8.1344651
0.445556640625	0.948546855602959	2.2092529
0.446044921875	0.7595047441256858	-2.2238239
0.446533203125	0.8232533664107676	4.4522908
0.447021484375	0.22886044561233876	5.5526628
0.447509765625	0.3141448140921902	4.2346400
0.447998046875	0.6895457503736736	0.3841030
0.448486328125	0.6034347078694621	5.3511086
0.448974609375	0.8448931209704054	4.7336472
0.449462890625	0.03563231265853761	2.4727760
0.449951171875	0.19660783789603264	7.1434786
0.450439453125	0.22194356020561679	3.5881466
0.450927734375	0.03664014374137203	6.7559282
0.451416015625	0.5655777385413748	4.4921898
0.451904296875	0.872356880929162	2.2612258
0.452392578125	0.9980102902821215	1.3186015
0.452880859375	0.26770588643908266	3.8269230
0.453369140625	0.305472940916519	5.9436667
0.453857421875	0.35957582528140697	5.7735928
0.454345703125	0.31964622285374755	7.1884206
0.454833984375	0.6918124284280082	2.8229515
0.455322265625	0.631282885897523	6.1108921
0.455810546875	0.3792441254009965	-2.3135487
0.456298828125	0.247992090846765	2.0510462
0.456787109375	0.6786036939815993	-5.2391728
0.457275390625	0.5984814516370216	1.0335944
0.457763671875	0.5885394574541353	3.1609032
0.458251953125	0.5291341618986983	5.2459721
0.458740234375	0.24124844932780087	2.8522541
0.459228515625	0.9419605359522372	2.4950022
0.459716796875	0.2760175145209276	3.3134469
0.460205078125	0.6859040747868772	5.4847359
0.460693359375	0.6206340276310004	1.1420819
0.461181640625	0.3895195957527793	3.8002960
0.461669921875	0.7488590091708377	3.6278230
0.462158203125	0.46862375575412574	1.7121754
0.462646484375	0.45769937209700184	0.6073964
0.463134765625	0.3672133479702312	2.5303312
0.463623046875	0.021955564614577372	4.0911260
0.464111328125	0.7064514063295556	2.0713475
0.464599609375	0.56846473937382	2.1839114
0.465087890625	0.8906554733871389	-0.4923495
0.465576171875	0.07973896672344172	2.2490785
0.466064453125	0.5199309942393694	2.0346288
0.466552734375	0.3255722542496049	7.5151559
0.467041015625	0.8084465376971223	4.6543616
0.467529296875	0.5490412456578769	6.1353370
0.468017578125	0.9305418842910069	4.0130913
0.468505859375	0.04566034152291654	2.8688725
0.468994140625	0.5922145610653994	3.8494833
0.469482421875	0.09490569141032423	3.3076434
0.469970703125	0.134491225106238	0.4963337
0.470458984375	0.5836518585263447	4.0487450
0.470947265625	0.5523273244465068	3.0962127
0.471435546875	0.23115170378379246	-0.8567164
0.471923828125	0.09568692707751292	1.9155177
0.472412109375	0.5430445801391195	2.2540925
0.472900390625	0.699155241947733	6.1059192
0.473388671875	0.5236294385052914	2.0534278
0.473876953125	0.6567739888630306	1.6345075
0.474365234375	0.12554943450739275	4.8663919
0.474853515625	0.46683458446881965	4.0950343
0.475341796875	0.3564827028471802	6.1607102
0.475830078125	0.06731301443336568	0.9280558
0.476318359375	0.663930754229747	5.4836593
0.476806640625	0.16980044770109204	0.0674196
0.477294921875	0.5303716236890728	1.9207529
0.477783203125	0.6846240448050332	4.8460328
0.478271484375	0.3086597711466814	1.0292052
0.478759765625	0.37193009756460493	3.7413273
0.479248046875	0.9664892302180544	6.0963143
0.479736328125	0.6155151675448162	1.8777520
0.480224609375	0.17200089154947884	3.4174315
0.480712890625	0.31395639850401447	3.4773243
0.481201171875	0.7013390670983242	7.8182868
0.481689453125	0.23605999290924662	4.6404980
0.482177734375	0.4724079160380493	6.5227908
0.482666015625	0.16688271802546717	3.5641759
0.483154296875	0.17462356668723722	2.3499589
0.483642578125	0.8517835163925686	0.9407875
0.484130859375	0.8676151786764188	2.5312657
0.484619140625	0.15744983373489552	1.9896651
0.485107421875	0.5362260846050759	3.5501826
0.485595703125	0.24206166155781117	3.7963940
0.486083984375	0.21656657351849617	0.9869829
0.486572265625	0.5462764917868821	3.5720404
0.487060546875	0.32815179626809665	3.6504577
0.487548828125	0.47023424538922043	3.7117349
0.488037109375	0.46833279344173373	-0.2586989
0.488525390625	0.03011501041028397	11.3307844
0.489013671875	0.43342589571130097	0.6639951
0.489501953125	0.13487744968104676	0.7639304
0.489990234375	0.24042565937512395	-1.7379807
0.490478515625	0.3867342073383302	4.4743914
0.490966796875	0.626330286746339	5.9973811
0.491455078125	0.18787618226101765	3.8487142
0.491943359375	0.9194253660223499	4.1345120
0.492431640625	0.08426155644996103	2.2166543
0.492919921875	0.4069924486395351	3.3810602
0.493408203125	0.5513829646479262	2.5507442
0.493896484375	0.7935950466127978	4.6410816
0.494384765625	0.1363874991324775	5.7414297
0.494873046875	0.058223347729561836	3.7494696
0.495361328125	0.02844435846322879	1.9926103
0.495849609375	0.8101643881384477	4.8346329
0.496337890625	0.7006545973963965	2.0792876
0.496826171875	0.023634020245517418	2.7946521
0.497314453125	0.42102224135245137	4.2959090
0.497802734375	0.03922195769736048	4.7574822
0.498291015625	0.7891247898731925	1.1870584
0.498779296875	0.773443008452666	-0.7629326
0.499267578125	0.34433160492283077	3.5894840
0.499755859375	0.8216638935227826	6.6025316
0.500244140625	0.9890383405228855	4.0396899
0.500732421875	0.29801983289481426	2.9853913
0.501220703125	0.9578626379545867	4.2276442
0.501708984375	0.8804041196878191	2.5595785
0.502197265625	0.2756482574793476	6.1848243
0.502685546875	0.24909269578553905	2.3361401
0.503173828125	0.7211496231565194	4.5079682
0.503662109375	0.38205939382744647	5.2480318
0.504150390625	0.8402343188911245	4.4014019
0.504638671875	0.5346808447637167	-0.8222823
0.505126953125	0.32629480548293077	-0.7115821
0.505615234375	0.05057992160550151	4.5596914
0.506103515625	0.35337120996174376	3.8451446
0.506591796875	0.866195613138076	4.4875844
0.507080078125	0.1594506626129617	-2.0705581
0.507568359375	0.9548046092019362	3.5292826
0.508056640625	0.2368456208535593	2.1330882
0.508544921875	0.3547861270697308	7.9532416
0.509033203125	0.9999089683188124	3.3865425
0.509521484375	0.5186770257297298	1.5147293
0.510009765625	0.32718706146068577	3.6039045
0.510498046875	0.7588892654328256	6.2933728
0.510986328125	0.17814108782511273	2.6943062
0.511474609375	0.6358670894668494	3.8889244
0.511962890625	0.7795983746164902	2.0625900
0.512451171875	0.3960757984274347	3.5525789
0.512939453125	0.08307854769053924	4.1887530
0.513427734375	0.5098002474849114	5.1481335
0.513916015625	0.18314101701006347	4.5060812
0.514404296875	0.049667340622258194	-0.5331078
0.514892578125	0.7341181971895107	5.5093692
0.515380859375	0.9856040639514015	2.8775113
0.515869140625	0.6363516270947535	6.1645580
0.516357421875	0.4242321906053431	4.0329274
0.516845703125	0.11478280478174563	4.9930755
0.517333984375	0.6922406249951722	-1.0320471
0.517822265625	0.9670359349469522	2.0282070
0.518310546875	0.8339501917552675	1.1389159
0.518798828125	0.10266118207760067	4.2972478
0.519287109375	0.27109960846850134	4.8056952
0.519775390625	0.3708068643222202	-0.4601897
0.520263671875	0.8439700743185217	5.8888150
0.520751953125	0.12419934931804821	8.8586619
0.521240234375	0.3315861725964725	3.1779864
0.521728515625	0.49000354158781034	4.5935121
0.522216796875	0.5272652716309365	2.1998681
0.522705078125	0.1131080276802594	7.0362367
0.523193359375	0.5447445196496437	4.9423802
0.523681640625	0.35794872243086595	1.3927390
0.524169921875	0.848127373463431	2.6935365
0.524658203125	0.9575978996633149	1.2800619
0.525146484375	0.46271617232709716	4.7439180
0.525634765625	0.6930721467153218	3.1826707
0.526123046875	0.43831853307617785	-0.2493117
0.526611328125	0.38434910272953626	6.8361211
0.527099609375	0.23484021608135608	2.8065170
0.527587890625	0.7432476223725901	11.3241465
0.528076171875	0.6930377850256128	-0.0171398
0.528564453125	0.14606662457749497	1.1410512
0.529052734375	0.3804598478637531	4.1604947
0.529541015625	0.2527622356626378	-1.0481625
0.530029296875	0.6812383480509564	7.2974674
0.530517578125	0.45466897872846346	5.2165520
0.531005859375	0.17400778079397383	3.8009902
0.531494140625	0.1526560338587314	4.7610927
0.531982421875	0.8384661742731505	0.3972397
0.532470703125	0.8336022515016386	1.8544402
0.532958984375	0.9997010588573284	-0.8488357
0.533447265625	0.2597411684954529	6.0537679
0.533935546875	0.7902728617601573	3.7599351
0.534423828125	0.9504676505160463	4.4650032
0.534912109375	0.241183218675323	0.4978531
0.535400390625	0.6104294518687476	2.8325904
0.535888671875	0.9403883785333547	0.4226655
0.536376953125	0.5350952193679896	5.3267801
0.536865234375	0.8857097483768349	1.8304141
0.537353515625	0.05256813111067049	5.7949036
0.537841796875	0.6502224765368378	5.4120646
0.538330078125	0.1883924082256403	3.6117804
0.538818359375	0.042980736264079944	3.6010935
0.539306640625	0.3718032175082985	3.1421883
0.539794921875	0.9348963115173485	1.3944074
0.540283203125	0.7437409788443938	6.3296367
0.540771484375	0.005482027284750668	3.9708191
0.541259765625	0.5385607997200914	5.0688651
0.541748046875	0.6058880911032826	-0.4114271
0.542236328125	0.8554114505074414	2.0186808
0.542724609375	0.3102046928122921	1.8801794
0.543212890625	0.6275566465478093	5.4697895
0.543701171875	0.7015101132487115	1.2595617
0.544189453125	0.6574089787812274	-0.4366872
0.544677734375	0.500869486691251	3.7979585
0.545166015625	0.583814677273366	4.7643903
0.545654296875	0.8638170358437612	4.9770969
0.546142578125	0.661360898855228	5.1614114
0.546630859375	0.9352917991038328	2.6756955
0.547119140625	0.2874955750700161	2.7929719
0.547607421875	0.044177872482407676	5.6015588
0.548095703125	0.5435002555055716	6.9424215
0.548583984375	0.03427955525531989	6.5204483
0.549072265625	0.3044066303438677	5.4966048
0.549560546875	0.5496273967506329	-1.0406187
0.550048828125	0.10849599743427751	3.4054111
0.550537109375	0.8264648462176221	4.0813350
0.551025390625	0.29988462909537406	5.5764513
0.551513671875	0.9782450168474449	3.8922677
0.552001953125	0.5118252009837433	5.2554017
0.552490234375	0.507727783052874	1.2029774
0.552978515625	0.34081371169160113	4.8622911
0.553466796875	0.03419239300621402	5.3326704
0.553955078125	0.7725781209976926	4.8221340
0.554443359375	0.0043788180160714285	3.8877996
0.554931640625	0.2138604244713781	5.6571155
0.555419921875	0.5616738156431049	4.6205004
0.555908203125	0.7150325084532931	5.0945680
0.556396484375	0.20602344409679674	2.3600998
0.556884765625	0.4475785958611235	1.6493490
0.557373046875	0.39196565732424793	3.6913301
0.557861328125	0.7400284572444453	1.2395930
0.558349609375	0.6170413773527403	7.8699553
0.558837890625	0.941856981542938	1.2267357
0.559326171875	0.7587949191588358	4.4232576
0.559814453125	0.24612064057758154	4.6887085
0.560302734375	0.6648697490109471	6.8195342
0.560791015625	0.98025278008382	3.5787281
0.561279296875	0.1047290020570042	3.1211337
0.561767578125	0.09568011286624689	7.1207567
0.562255859375	0.7987880507884373	6.8784767
0.562744140625	0.9290746428462403	2.3121059
0.563232421875	0.0748717147237753	6.9115782
0.563720703125	0.2525630645932052	7.3272778
0.564208984375	0.8146597544692364	3.9897825
0.564697265625	0.11164895979889755	2.4415970
0.565185546875	0.3740438554679738	5.8723553
0.565673828125	0.6056593084708728	3.4231574
0.566162109375	0.5490942284696286	4.5028585
0.566650390625	0.18702362188104948	1.7552830
0.567138671875	0.949758894364773	3.2648740
0.567626953125	0.03657854734932009	7.3250480
0.568115234375	0.20074941736403173	2.1752675
0.568603515625	0.8594336342048899	2.3409309
0.569091796875	0.6556874072838059	1.2855444
0.569580078125	0.989927582992406	-0.0591586
0.570068359375	0.05700454982754277	1.2875951
0.570556640625	0.8981735382591038	3.2813756
0.571044921875	0.14893672208403708	1.9424004
0.571533203125	0.16107770255506826	2.9973384
0.572021484375	0.3309889026667181	3.8584012
0.572509765625	0.2570914033101033	5.8986627
0.572998046875	0.2793549981027388	1.5507919
0.573486328125	0.42901550141267497	5.1012535
0.573974609375	0.14696147137687032	1.0787827
0.574462890625	0.5487402237457527	6.8540730
0.574951171875	0.6402017474347611	0.5450009
0.575439453125	0.8308170309800919	3.7601246
0.575927734375	0.4512934662848096	5.5394072
0.576416015625	0.25029200444321364	1.8609630
0.576904296875	0.26690976942142797	2.1014875
0.577392578125	0.19947973425028198	2.8311003
0.577880859375	0.7718137586358003	0.4497455
0.578369140625	0.7966408937221697	1.1321574
0.578857421875	0.6942958184843063	0.4614366
0.579345703125	0.06829178748537224	1.1764905
0.579833984375	0.3000350889336688	4.6435748
0.580322265625	0.15069148263722054	1.0121198
0.580810546875	0.7124610418022017	2.6245997
0.581298828125	0.5826146210396919	1.1523293
0.581787109375	0.7287865866875832	3.3444945
0.582275390625	0.531649050541673	3.1207285
0.582763671875	0.19775398438110237	5.7506956
0.583251953125	0.45389877406834567	3.3706229
0.583740234375	0.6420362195801232	7.9069581
0.584228515625	0.7291986546066778	4.2580159
0.584716796875	0.3375524453932254	3.4512861
0.585205078125	0.44094909532955495	-0.8708625
0.585693359375	0.02419425217568505	3.4644221
0.586181640625	0.8347803697696823	4.0986864
0.586669921875	0.4162532523735507	2.8937146
0.587158203125	0.44990048965708196	5.6158988
0.587646484375	0.6329468566301062	3.9690900
0.588134765625	0.2807382234785013	3.5637221
0.588623046875	0.08474127777418561	4.9936055
0.589111328125	0.10706067201860137	6.3169728
0.589599609375	0.5626768161742697	5.2929169
0.590087890625	0.7939407942198115	3.4375258
0.590576171875	0.6967427969476745	2.8209383
0.591064453125	0.5777217730903809	5.6033567
0.591552734375	0.31478597524032126	-0.5559852
0.592041015625	0.24254163694105102	2.7042137
0.592529296875	0.8628500164824284	3.6658923
0.593017578125	0.4792376949332481	-1.2895179
0.593505859375	0.08674188189175291	2.5653075
0.593994140625	0.38286804952272246	6.3517499
0.594482421875	0.8466372953591548	3.2453920
0.594970703125	0.968110198655218	5.3295220
0.595458984375	0.7934290579172804	3.7408827
0.595947265625	0.19799706832352792	9.4634731
0.596435546875	0.8071717815671279	3.3841493
0.596923828125	0.46852068864848473	0.4148252
0.597412109375	0.5423929235067126	5.0802666
0.597900390625	0.8603978582943047	2.6536238
0.598388671875	0.17835451621772136	4.3474578
0.598876953125	0.05369153198174903	0.8829250
0.599365234375	0.8988224164087479	5.1097691
0.599853515625	0.3480897846337361	0.9283440
0.600341796875	0.6679103253491314	0.9409774
0.600830078125	0.19165461595320987	3.4943099
0.601318359375	0.29662507952125383	1.3973424
0.601806640625	0.3970862380031597	5.1825435
0.602294921875	0.4574782468036691	3.1520805
0.602783203125	0.4234513641062737	2.2683678
0.603271484375	0.3787059651933957	5.1892462
0.603759765625	0.7824639904936092	6.0699847
0.604248046875	0.19013633728347767	3.8966520
0.604736328125	0.5544828477086794	4.6170611
0.605224609375	0.882570132404919	2.8917019
0.605712890625	0.8862187945255046	2.5421212
0.606201171875	0.24282818496336844	6.0548287
0.606689453125	0.10867441776688092	1.7691075
0.607177734375	0.9266254847509867	0.4958886
0.607666015625	0.13213756846274316	11.8781849
0.608154296875	0.5985410061806821	3.8993371
0.608642578125	0.12031450494020857	1.9153686
0.609130859375	0.1980714016497268	3.5936906
0.609619140625	0.14623865725779572	7.7696370
0.610107421875	0.35671760559205923	4.5438367
0.610595703125	0.819872457477664	4.3957437
0.611083984375	0.5950156549392823	5.3023588
0.611572265625	0.4359009313492047	3.9405617
0.612060546875	0.5502682924076588	5.0911234
0.612548828125	0.40779582344859633	4.8305142
0.613037109375	0.3334702943611726	5.8215442
0.613525390625	0.9716240199292506	5.9451674
0.614013671875	0.47368040519905497	4.5601148
0.614501953125	0.9042323197979684	1.1330440
0.614990234375	0.3941352468372813	3.2561775
0.615478515625	0.3024310717217288	5.9409975
0.615966796875	0.16910702368773056	5.4475325
0.616455078125	0.012817625464506932	1.8609985
0.616943359375	0.45438538206680257	-0.3020036
0.617431640625	0.7392466871154096	4.3225206
0.617919921875	0.06594856553164463	1.1494051
0.618408203125	0.043115196508235476	7.8290833
0.618896484375	0.12763556711646795	2.3781993
0.619384765625	0.7001524042021884	3.1966690
0.619873046875	0.024324021251430628	3.2724379
0.620361328125	0.19898927296079583	2.3437506
0.620849609375	0.415265397689909	4.9406746
0.621337890625	0.527242791760591	3.0215129
0.621826171875	0.19396140878481993	3.1444822
0.622314453125	0.9591384114374258	1.7969001
0.622802734375	0.7655433123316789	2.0987791
0.623291015625	0.9568752398832883	1.1344121
0.623779296875	0.16741973503600172	2.7137396
0.624267578125	0.851211030683823	4.1504358
0.624755859375	0.02949758016350401	7.1222434
0.625244140625	0.9534270166551557	1.3115250
0.625732421875	0.880187767329504	1.3815903
0.626220703125	0.6523710248192587	-0.6792099
0.626708984375	0.9054395157891355	4.0416305
0.627197265625	0.8012434511974622	2.3891945
0.627685546875	0.5900873935196196	2.3444138
0.628173828125	0.9368757127076395	2.0406320
0.628662109375	0.1718521869374101	6.1281097
0.629150390625	0.19028141812021138	8.0514402
0.629638671875	0.054542492640471174	2.7949902
0.630126953125	0.9351743792623814	3.5060184
0.630615234375	0.12261526009551094	4.6898656
0.631103515625	0.5280224273522479	2.8371495
0.631591796875	0.7166569755248888	4.0835202
0.632080078125	0.8692309519762239	2.5866244
0.632568359375	0.13904495203091594	2.1328210
0.633056640625	0.8635503860113463	3.8698814
0.633544921875	0.3096782847956041	0.8664333
0.634033203125	0.2852189584646114	2.8866375
0.634521484375	0.2599857858915138	5.3427739
0.635009765625	0.6192587072947642	2.6088080
0.635498046875	0.7943055087665432	1.4983653
0.635986328125	0.4174334956288773	1.2314209
0.636474609375	0.9441981832239644	5.6805609
0.636962890625	0.7914726669306692	2.9600918
0.637451171875	0.954434513096836	4.8385048
0.637939453125	0.28620876961390795	1.7238482
0.638427734375	0.9585443180743721	2.4236000
0.638916015625	0.403342233858373	2.9904246
0.639404296875	0.2943144585855121	8.3673511
0.639892578125	0.05782647069318003	1.1236106
0.640380859375	0.47098232819338515	6.1595428
0.640869140625	0.7716818431977159	0.7396373
0.641357421875	0.10372379311758873	3.3790167
0.641845703125	0.1758444492428649	0.3985722
0.642333984375	0.9791364278994119	6.3151543
0.642822265625	0.5840029364291164	2.6778762
0.643310546875	0.6876558830076389	9.7158337
0.643798828125	0.9109711943039743	2.8689382
0.644287109375	0.6632187851435262	0.0932397
0.644775390625	0.8728065893492692	4.6249668
0.645263671875	0.7931378640671838	3.9573162
0.645751953125	0.2705565195462204	1.3555031
0.646240234375	0.11633658754124121	2.1284014
0.646728515625	0.7212724442239784	1.0867790
0.647216796875	0.20818846774650202	3.6376207
0.647705078125	0.6589645102856795	1.6941960
0.648193359375	0.17572537795586263	3.3533200
0.648681640625	0.9378018826518146	4.7785634
0.649169921875	0.3565541054717416	8.0156135
0.649658203125	0.28653968945436614	2.2954619
0.650146484375	0.7552080260773796	22.6436406
0.650634765625	0.9964425555621773	14.4507693
0.651123046875	0.46674458829740073	18.4024296
0.651611328125	0.08757311449769245	20.0621326
0.652099609375	0.16218586000280633	20.4284590
0.652587890625	0.25604236273681025	16.2389598
0.653076171875	0.5550234845534077	18.2058907
0.653564453125	0.8266199478473218	20.7474334
0.654052734375	0.3717270889894243	19.7876973
0.654541015625	0.843051317375601	14.7068966
0.655029296875	0.029389788413440643	21.2650536
0.655517578125	0.14771597744005238	18.2487117
0.656005859375	0.12582453137416505	15.8039021
0.656494140625	0.6112092031070084	13.5929143
0.656982421875	0.19522186190328727	19.9413652
0.657470703125	0.5524851420364798	15.4040815
0.657958984375	0.5276534560137544	20.2727935
0.658447265625	0.2759285564064289	15.4268113
0.658935546875	0.32313588916600444	20.4907350
0.659423828125	0.6808261253534458	23.4640887
0.659912109375	0.008667296408573444	17.4709472
0.660400390625	0.16200163746994023	20.9590733
0.660888671875	0.22574523076308983	17.0350510
0.661376953125	0.811810811250326	21.7695785
0.661865234375	0.1606273672828007	18.1410380
0.662353515625	3.3118734683079687E-4	19.3256431
0.662841796875	0.4823888720113828	17.4310794
0.663330078125	0.202623178883373	19.3393707
0.663818359375	0.9451703729382158	22.6920665
0.664306640625	0.8627044514927397	20.6048544
0.664794921875	0.5495305865428664	18.7512426
0.665283203125	0.7398121843182813	17.5057003
0.665771484375	0.2202751455336559	24.0459498
0.666259765625	0.6332007130634912	18.2813493
0.666748046875	0.9994129959350132	18.1684144
0.667236328125	0.38982767957455633	24.8468010
0.667724609375	0.35599803229322424	19.8745287
0.668212890625	0.3806428139024155	15.5465606
0.668701171875	0.04068351597990316	20.8950772
0.669189453125	0.10475368660577611	22.3478591
0.669677734375	0.9511042909849229	19.7416042
0.670166015625	0.6185731006008194	21.8036842
0.670654296875	0.2920921803363906	18.5303038
0.671142578125	0.16434856601250447	21.4235318
0.671630859375	0.3077302610991083	18.4343756
0.672119140625	0.7175553030403315	20.1273285
0.672607421875	0.503993807685381	18.4514636
0.673095703125	0.4169472155719872	15.0422303
0.673583984375	0.3729693696033518	20.3273145
0.674072265625	0.6691729787190154	20.1155336
0.674560546875	0.5522700913743553	17.9892954
0.675048828125	0.5194751502532821	18.8540006
0.675537109375	0.31428223800366084	20.8567370
0.676025390625	0.9919169274780972	19.2502386
0.676513671875	0.5654201362309635	19.9419708
0.677001953125	0.07077053745393225	19.2626633
0.677490234375	0.7598899490094206	19.1490064
0.677978515625	0.8162230186636867	17.3524302
0.678466796875	0.487949970886405	16.8109293
0.678955078125	0.4826046061811098	18.2789150
0.679443359375	0.005816061881279477	22.5233148
0.679931640625	0.08924287014375876	15.4222847
0.680419921875	0.7318255611061762	18.8621074
0.680908203125	0.5392368185791927	21.3120902
0.681396484375	0.16800188469979715	15.2982362
0.681884765625	0.3995000490424142	20.5467446
0.682373046875	0.8226356977557985	14.0873840
0.682861328125	0.8590363874900687	18.1288027
0.683349609375	0.3409267662121803	20.8434525
0.683837890625	0.13740456830097925	15.9347537
0.684326171875	0.10824437860867975	21.1128340
0.684814453125	0.8906467257673435	19.1906442
0.685302734375	0.31342302457132176	22.0191728
0.685791015625	0.5796689229671546	21.1748341
0.686279296875	0.6650951282906795	24.6672123
0.686767578125	0.6513649520079842	18.6858572
0.687255859375	0.28788324244895613	16.4798577
0.687744140625	0.013989238809706595	18.2086581
0.688232421875	0.5109622393616539	14.4496453
0.688720703125	0.14685431048804032	18.7088837
0.689208984375	0.3508148951947694	17.9142721
0.689697265625	0.20492536796291205	22.2515019
0.690185546875	0.11282710863144019	19.7395787
0.690673828125	0.29900153205592883	15.8017854
0.691162109375	0.15070581649531534	16.2587081
0.691650390625	0.34273402142676324	14.1508051
0.692138671875	0.9646903600930362	16.7848265
0.692626953125	0.25267793987248577	18.4948971
0.693115234375	0.353421251558517	20.1699136
0.693603515625	0.11397942539743422	20.6834069
0.694091796875	0.7025133324104224	19.6664466
0.694580078125	0.13235696086077042	17.4530903
0.695068359375	0.9658612575716458	20.3379738
0.695556640625	0.686066274257951	17.7056015
0.696044921875	0.8221153623912253	14.3238986
0.696533203125	0.6759874221910015	18.4893189
0.697021484375	0.5453651058844365	17.5141852
0.697509765625	0.20741018094114227	18.6857867
0.697998046875	0.5707362653168235	19.2828886
0.698486328125	0.6862160339438831	17.5662451
0.698974609375	0.6453569412404944	19.3437525
0.699462890625	0.8907808141404941	16.7303445
0.699951171875	0.9941056788306971	19.7332665
0.700439453125	0.9079987165532986	18.0839366
0.700927734375	0.5869851395878837	18.1651486
0.701416015625	0.869423564175403	18.2563935
0.701904296875	0.4382445109565807	18.5161270
0.702392578125	0.7668352739424164	18.2687753
0.702880859375	0.7920150278229992	16.2345105
0.703369140625	0.7938858223319288	17.5558024
0.703857421875	0.028856021929244302	17.4096450
0.704345703125	0.383307381894751	18.0980864
0.704833984375	0.46399309163235924	19.4027948
0.705322265625	0.5720440455182253	18.3982680
0.705810546875	0.7810467577037131	20.7476086
0.706298828125	0.41729497266701265	20.4749928
0.706787109375	0.36270817681368395	20.2825691
0.707275390625	0.7456483796476154	21.9139472
0.707763671875	0.028251176705253456	16.7699822
0.708251953125	0.5891919985430758	16.7812226
0.708740234375	0.7812330497024557	18.5959119
0.709228515625	0.7437717925186496	21.7915583
0.709716796875	0.8016155095695429	21.9118815
0.710205078125	0.1756368349599836	22.9245084
0.710693359375	0.6053378298880073	18.2952083
0.711181640625	0.6568709416410501	18.3126647
0.711669921875	0.6397301578113102	17.7162827
0.712158203125	0.38371903780368644	13.5387524
0.712646484375	0.5118240809834737	22.5872440
0.713134765625	0.23473637445923323	20.2242526
0.713623046875	0.063482120765885	18.0042212
0.714111328125	0.27031865695138013	17.6437313
0.714599609375	0.9453365607583356	19.0457143
0.715087890625	0.5274300532452783	18.9088187
0.715576171875	0.6119321633759033	15.1430028
0.716064453125	0.7921799881750319	15.9630646
0.716552734375	0.5024674493462852	18.5792987
0.717041015625	0.960378256942937	19.2094815
0.717529296875	0.9025039719101772	17.2884378
0.718017578125	0.6475169981985196	19.7799438
0.718505859375	0.7474753829116975	18.4468722
0.718994140625	0.6631085166120384	20.1700934
0.719482421875	0.6524054782882278	20.2132006
0.719970703125	0.8013925042048305	17.8452267
0.720458984375	0.28569962475783217	18.1751246
0.720947265625	0.5556894063718122	17.7888391
0.721435546875	0.9780854044061881	19.4839080
0.721923828125	0.9748093771639493	20.1455905
0.722412109375	0.12875774445299204	21.6587296
0.722900390625	0.03775224451171444	19.0423367
0.723388671875	0.5756606771014687	18.7894793
0.723876953125	0.9213963344444458	19.7771565
0.724365234375	0.9998723540675765	19.5639699
0.724853515625	0.12204428324669636	19.8858163
0.725341796875	0.5776334968174336	21.3218475
0.725830078125	0.015767001671476266	20.3502661
0.726318359375	0.24818103403177894	17.3196917
0.726806640625	0.507783109888271	20.5217496
0.727294921875	0.9798492718389856	20.0148906
0.727783203125	0.5340757721605728	19.8099849
0.728271484375	0.46764091703390454	22.3593896
0.728759765625	0.3986523281284815	12.8360350
0.729248046875	0.5375298899850084	18.2636684
0.729736328125	0.01998949674001771	20.5822451
0.730224609375	0.7491470365036813	21.5517477
0.730712890625	0.8360989419758653	21.6642638
0.731201171875	0.9403491176258791	17.1021314
0.731689453125	0.29823940761322343	21.4966074
0.732177734375	0.7337421422146081	22.3157615
0.732666015625	0.940663271344226	18.2292801
0.733154296875	0.8939001097854101	22.1119344
0.733642578125	0.02311266378664134	17.4486098
0.734130859375	0.2803025422841404	16.3216466
0.734619140625	0.732392061527696	20.9116951
0.735107421875	0.45853775868325974	15.5812395
0.735595703125	0.13068876909698757	17.2424175
0.736083984375	0.612843045815121	18.3120882
0.736572265625	0.13595666085131686	21.0220631
0.737060546875	0.6264612590039383	15.4415602
0.737548828125	0.20132072614797125	17.3091877
0.738037109375	0.2705915266938095	16.7137796
0.738525390625	0.3669174236073949	13.9137951
0.739013671875	0.6540350946629261	19.0375111
0.739501953125	0.5328069519295219	15.8285564
0.739990234375	0.048241586162249384	16.0396463
0.740478515625	0.14264657426450467	19.7688508
0.740966796875	0.10872987739653128	16.8469505
0.741455078125	0.6748942513735212	18.8813929
0.741943359375	0.38429973817487895	19.2711000
0.742431640625	0.06474179774642619	18.5297373
0.742919921875	0.9386964828045483	19.3795328
0.743408203125	0.2821985767150865	21.7406808
0.743896484375	0.3322007470743623	17.6664457
0.744384765625	0.07933297651424442	18.4068675
0.744873046875	0.12787071475575396	18.0095099
0.745361328125	0.40532475075471297	20.4935971
0.745849609375	0.33187353636071204	16.5477114
0.746337890625	0.1375051507753472	20.4799514
0.746826171875	0.660637559035516	21.0137484
0.747314453125	0.7589120494072096	16.2675732
0.747802734375	0.4886970777173303	16.3933833
0.748291015625	0.0501308754056774	19.9908652
0.748779296875	0.5874678658765137	18.0073909
0.749267578125	0.08052772023784938	18.0896150
0.749755859375	0.9622936326135688	18.4509329
0.750244140625	0.05972543116439477	17.7475834
0.750732421875	0.9565721244635437	17.6760465
0.751220703125	0.4257759338848761	18.4535771
0.751708984375	0.3693651629874999	16.6656639
0.752197265625	0.8365086992937858	20.6984198
0.752685546875	0.2564996753388865	19.2726485
0.753173828125	0.13268489221680058	18.7234358
0.753662109375	0.8127854026494453	21.9174353
0.754150390625	0.44667809154460736	23.0443118
0.754638671875	0.8007441196118732	22.4042881
0.755126953125	0.23238008919135889	20.7760254
0.755615234375	0.26341908495576793	17.7682905
0.756103515625	0.337966698966767	16.4195305
0.756591796875	0.17779827240776636	19.0049336
0.757080078125	0.2832471568798677	20.0454500
0.757568359375	0.541646803844414	16.1339547
0.758056640625	0.5408816003990095	15.3717862
0.758544921875	0.4887353532221329	19.3205661
0.759033203125	0.9622330468739593	16.1120127
0.759521484375	0.07233210354488173	17.5496199
0.760009765625	0.09358734184554152	8.2692758
0.760498046875	0.5992754941440073	3.0257292
0.760986328125	0.25962936219083876	4.6698046
0.761474609375	0.9199753060711733	4.8807685
0.761962890625	0.16422010823171573	9.2960314
0.762451171875	0.044429672698562794	8.8462013
0.762939453125	0.7926272118963479	11.4775703
0.763427734375	0.35005604165712434	7.4397998
0.763916015625	0.4664881504141565	4.6088124
0.764404296875	0.5411958707622557	3.6788867
0.764892578125	0.5781283543211538	11.2334264
0.765380859375	0.30807487611077145	9.2376391
0.765869140625	0.34273457135854557	9.1186230
0.766357421875	0.28841525046924976	8.7104622
0.766845703125	0.586742431239203	7.7579099
0.767333984375	0.7595613421541898	5.0347370
0.767822265625	0.3232088561314471	5.1903914
0.768310546875	0.3627785132865293	9.6223180
0.768798828125	0.5375953707556449	7.7814291
0.769287109375	0.7923245213457613	8.5765676
0.769775390625	0.06111366999035761	5.8272559
0.770263671875	0.5561062023293025	4.2511251
0.770751953125	0.6875199383439277	8.9207248
0.771240234375	0.7464792297523425	7.9122897
0.771728515625	0.29006390933458714	7.7608639
0.772216796875	0.9414086296928048	6.8880606
0.772705078125	0.8183939318219304	7.8021731
0.773193359375	0.4082893955268482	9.4075344
0.773681640625	0.8539155331800546	4.2382522
0.774169921875	0.30386454893993664	5.3384882
0.774658203125	0.23283731437269084	5.1235550
0.775146484375	0.4806272656096331	5.0296924
0.775634765625	0.9184913148646401	1.2656531
0.776123046875	0.3277403233251551	10.1001365
0.776611328125	0.3311748569559926	5.7120414
0.777099609375	0.1258558903629	2.6864343
0.777587890625	0.1905518382724637	9.2745642
0.778076171875	0.09140398241756187	6.6781558
0.778564453125	0.2615160497564821	11.0787129
0.779052734375	0.36619915397355807	4.1874725
0.779541015625	0.341429631136862	7.8483945
0.780029296875	0.9899716754461803	15.1459205
0.780517578125	0.20999932048601788	16.7980012
0.781005859375	0.5221719019908978	11.5779815
0.781494140625	0.8610652303728183	19.2382086
0.781982421875	0.6787565907478692	12.9977762
0.782470703125	0.12969301010609524	18.3964679
0.782958984375	0.6714007815699296	16.0040538
0.783447265625	0.25275378201090604	19.5075964
0.783935546875	0.010573385728663842	20.1753684
0.784423828125	0.09434117836625677	17.4676521
0.784912109375	0.3181734949100187	11.8340069
0.785400390625	0.8197315177143398	16.6920756
0.785888671875	0.2260838305956605	13.2021772
0.786376953125	0.0070866523502535195	15.4417104
0.786865234375	0.07831290951708991	15.7661163
0.787353515625	0.2918013776226459	18.9567532
0.787841796875	0.848752427034613	16.0218377
0.788330078125	0.0945002778551075	16.5133826
0.788818359375	0.2044792492939782	14.5246235
0.789306640625	0.19351777470515563	13.7531014
0.789794921875	0.8346131024110913	15.5936722
0.790283203125	0.47268974966120736	19.6839035
0.790771484375	0.2037624462921721	16.7270167
0.791259765625	0.16502046920425106	15.0055897
0.791748046875	0.5319317126171337	15.0183144
0.792236328125	0.08495721415937918	18.4367792
0.792724609375	0.6324335813210495	15.0706272
0.793212890625	0.4124278159856358	17.0023115
0.793701171875	0.9169808086211376	16.3248427
0.794189453125	0.4794195678895652	13.7845885
0.794677734375	0.39198308661198944	15.1770033
0.795166015625	0.08677036699900553	15.3447744
0.795654296875	0.3895270756291067	14.6770195
0.796142578125	0.22020162601854798	18.7215578
0.796630859375	0.4960801659736921	17.0677718
0.797119140625	0.6687657932967755	14.5652064
0.797607421875	0.1352636287865686	15.0938176
0.798095703125	0.2072566485716596	16.7884187
0.798583984375	0.3298468498744842	19.5221548
0.799072265625	0.37130618552718186	15.2489250
0.799560546875	0.692303013559531	13.2075666
0.800048828125	0.817564650713155	14.4811816
0.800537109375	0.8808468041012727	14.0824916
0.801025390625	0.16234986277843877	14.8459846
0.801513671875	0.8949789595684594	16.4820622
0.802001953125	0.5744039533444945	15.5047502
0.802490234375	0.28544768300292966	14.8272529
0.802978515625	0.2579790954867519	16.3009946
0.803466796875	0.8105881473042136	16.4127385
0.803955078125	0.0015870865787763755	13.8204250
0.804443359375	0.3047230643634893	13.1899775
0.804931640625	0.8387066223440331	16.3720543
0.805419921875	0.6333358138002739	19.0778431
0.805908203125	0.4259968915322263	21.6538449
0.806396484375	0.020818251556882106	17.0534373
0.806884765625	0.30168290929233954	17.7323260
0.807373046875	0.7546319145468963	14.5736758
0.807861328125	0.7544545466113872	16.1306228
0.808349609375	0.12771164696720572	12.7341340
0.808837890625	0.5772777079568818	12.4142785
0.809326171875	0.39001749158799726	23.1523501
0.809814453125	0.6698962018060594	15.6328966
0.810302734375	0.6795614192282032	-0.8697386
0.810791015625	0.9105785548531062	-2.0333751
0.811279296875	0.2103834993115642	-3.6466727
0.811767578125	0.267030532847359	-1.3322754
0.812255859375	0.05533513509043575	0.9471117
0.812744140625	0.036670045666987616	1.3255254
0.813232421875	0.3987772506791246	-3.1855556
0.813720703125	0.8790943214402195	1.2125689
0.814208984375	0.2001774427286035	1.0874399
0.814697265625	0.8631277276946464	-2.0619658
0.815185546875	0.43397452481260657	2.0934963
0.815673828125	0.7350191695893306	-4.0117041
0.816162109375	0.911979088356767	1.1718429
0.816650390625	0.6139805745387505	0.2650829
0.817138671875	0.6881281325607945	1.4654752
0.817626953125	0.13026702780137123	2.0645933
0.818115234375	0.055868210823671105	-0.3893255
0.818603515625	0.8864667321332	2.3666871
0.819091796875	0.6181864593095092	-3.0808727
0.819580078125	0.9947883686989984	-0.9794944
0.820068359375	0.10985268976854368	-2.8538001
0.820556640625	0.22522709379052386	-1.4181224
0.821044921875	0.9294084322981917	4.7330684
0.821533203125	0.09800114205633348	2.4486858
0.822021484375	0.3715999046971272	2.8842879
0.822509765625	0.6281520027729351	1.8975460
0.822998046875	0.5941842546421704	-1.4316231
0.823486328125	0.6433850085658744	3.5391861
0.823974609375	0.4893486082672581	-0.2719585
0.824462890625	0.8639162653434103	-0.7174609
0.824951171875	0.020503722704348748	-4.2350422
0.825439453125	0.6742298487674626	1.0048243
0.825927734375	0.7192049837171763	-0.7825767
0.826416015625	0.6033084138921557	0.5831101
0.826904296875	0.9817972491099046	-4.7499549
0.827392578125	0.5372732501503448	-2.6453315
0.827880859375	0.4565826997336009	2.5707983
0.828369140625	0.14478006002173083	2.3151321
0.828857421875	0.14350700280885953	-2.4778842
0.829345703125	0.6324068609448112	0.6476569
0.829833984375	0.14130519416365905	1.3527993
0.830322265625	0.9492117413293182	2.1332861
0.830810546875	0.15162878731500273	-0.7759762
0.831298828125	0.8143271321258214	-5.7751783
0.831787109375	0.5938953948601353	-0.1119894
0.832275390625	0.28971193937289197	-2.6613929
0.832763671875	0.2845980078765029	0.4440671
0.833251953125	0.10595041052972654	-1.9089742
0.833740234375	0.2048365720431018	-1.2725823
0.834228515625	0.06933627267600184	-1.0901070
0.834716796875	0.6122756258868133	0.3876398
0.835205078125	0.8336089783002567	4.2111415
0.835693359375	0.16909561277588436	-0.1147913
0.836181640625	0.26293394959037286	2.0255212
0.836669921875	0.45442313918458	-0.3796847
0.837158203125	0.900488658957446	-0.4962220
0.837646484375	0.13495759365798587	-1.8992019
0.838134765625	0.49889928056500576	1.3704922
0.838623046875	0.6859384361461832	-4.7042236
0.839111328125	0.6774646326819376	-0.4727360
0.839599609375	0.21922869867850525	6.2552086
0.840087890625	0.01242604185929952	-4.2994333
0.840576171875	0.09725686454544902	1.9615962
0.841064453125	0.9094375897297402	0.4260019
0.841552734375	0.33012209325784403	2.2815144
0.842041015625	0.5739330195845889	0.6383657
0.842529296875	0.5857048228035119	-0.4814895
0.843017578125	0.1104667349948667	-2.7500367
0.843505859375	0.13464942551901815	-2.4725419
0.843994140625	0.02464893716936134	1.0375278
0.844482421875	0.4272264128615113	-3.7795342
0.844970703125	0.15244270197367926	-0.3441311
0.845458984375	0.8090979151739902	1.7782194
0.845947265625	0.7359161180692203	-2.8762601
0.846435546875	0.2577856705613557	-1.2065919
0.846923828125	0.13973759590103207	-2.0313889
0.847412109375	0.9191815952476664	-3.8031282
0.847900390625	0.649591529539569	0.9631072
0.848388671875	0.6798805019404226	1.3001691
0.848876953125	0.2062156488739576	1.7766311
0.849365234375	0.3907124354777537	0.2226842
0.849853515625	0.5539950178472749	0.2917308
0.850341796875	0.6019867071014146	-1.4104782
0.850830078125	0.5711824898540963	0.9231455
0.851318359375	0.552145063599037	-2.0882398
0.851806640625	0.9031743468652863	2.3970689
0.852294921875	0.5173836918897841	1.2705467
0.852783203125	0.04729711760311417	2.2503481
0.853271484375	0.6571067326773067	1.3515981
0.853759765625	0.7968271767338486	1.5576504
0.854248046875	0.9336958782599994	-1.1414741
0.854736328125	0.20616503660052055	1.3954690
0.855224609375	0.12803195489301877	-1.0885340
0.855712890625	0.7040402943000332	-1.8291113
0.856201171875	0.07561724488012	-2.4044302
0.856689453125	0.5762774448143688	0.4846988
0.857177734375	0.001278953897090429	2.2180165
0.857666015625	0.13607703702641705	-0.9758231
0.858154296875	0.8006682376073009	1.4025453
0.858642578125	0.5731556159125235	-2.3891028
0.859130859375	0.6996128833791436	-0.8353298
0.859619140625	0.7517636405889481	-1.3353207
0.860107421875	0.3914683592668783	-2.2590905
0.860595703125	0.3430057502313518	-0.3138270
0.861083984375	0.30969873801131553	-1.8317501
0.861572265625	0.31359609481190065	-0.5327219
0.862060546875	0.5178894305222922	1.0045866
0.862548828125	0.33888424069972733	0.0604570
0.863037109375	2.5461232476375883E-4	-1.8982171
0.863525390625	0.5035089416529834	-3.7222503
0.864013671875	0.19858820437484248	4.4055142
0.864501953125	0.24231922396047822	-1.8350086
0.864990234375	0.08077354764934541	-4.5596987
0.865478515625	0.8543182745085376	2.0462683
0.865966796875	0.0337990353943336	-0.2969039
0.866455078125	0.7935289597437651	-0.3066085
0.866943359375	0.47123051126699433	-2.9992452
0.867431640625	0.9561707798843376	-5.2370448
0.867919921875	0.32990082510137	-2.3020254
0.868408203125	0.1998235959294038	2.4733757
0.868896484375	0.029948361762505926	0.5889344
0.869384765625	0.656901921099384	1.4470282
0.869873046875	0.991154968703183	-4.6014055
0.870361328125	0.05447134186257174	-2.1977364
0.870849609375	0.2698047881434552	-0.3417132
0.871337890625	0.19102572287955233	0.3363498
0.871826171875	0.21514351400519893	3.1376022
0.872314453125	0.11725629641744428	3.2863715
0.872802734375	0.4822199010450956	0.3845361
0.873291015625	0.04414963683258544	-0.0824390
0.873779296875	0.09582035816950774	-1.3806941
0.874267578125	0.8831498817806306	-0.0291110
0.874755859375	0.18387196848045206	-1.0179697
0.875244140625	0.8879278196550342	-4.9234381
0.875732421875	0.2117202804529803	-0.6387881
0.876220703125	0.5969631647180402	-1.0121066
0.876708984375	0.10284663673346495	0.4949543
0.877197265625	0.10523704387724153	4.4044063
0.877685546875	0.1567539342654134	-1.0850473
0.878173828125	0.2595430657764163	-3.3072436
0.878662109375	0.6289327995193075	-1.9159418
0.879150390625	0.2660787325976265	-2.2781582
0.879638671875	0.7571496179873095	-1.0953098
0.880126953125	0.21502034155902094	-0.6461637
0.880615234375	0.7670359413404517	2.0220538
0.881103515625	0.41178222870122794	-1.4332765
0.881591796875	0.4104853219253404	0.5861780
0.882080078125	0.1088127809211129	3.7304895
0.882568359375	0.15318788009612683	-3.3339834
0.883056640625	0.1584037710409234	5.3836365
0.883544921875	0.5813875959913832	1.8658624
0.884033203125	0.36253231407945674	-1.4703917
0.884521484375	0.6193893710787207	0.6668123
0.885009765625	0.43978628655812624	-6.6192385
0.885498046875	0.9933564094067148	-3.0222928
0.885986328125	0.8246398730350712	-3.2332622
0.886474609375	0.1265300525946783	0.7601965
0.886962890625	0.17656534940304847	-1.0829958
0.887451171875	0.46730790149715107	-2.9883191
0.887939453125	0.9246376223289838	0.8959960
0.888427734375	0.6238877142017785	5.5535178
0.888916015625	0.27947720613736504	2.5413982
0.889404296875	0.6748101984924469	1.3056259
0.889892578125	0.4837827532429253	-0.5860149
0.890380859375	0.5392171781626396	-0.5853035
0.890869140625	0.1736446365876887	0.8542415
0.891357421875	0.29761961134292847	3.6055407
0.891845703125	0.31675318863781154	7.4908116
0.892333984375	0.15519654914704972	2.2473052
0.892822265625	0.46508735630252773	-0.8385617
0.893310546875	0.21500806711550358	5.5386125
0.893798828125	0.896390254756799	-0.6921570
0.894287109375	0.0860062048510174	5.4524254
0.894775390625	0.4615230760462987	2.8318871
0.895263671875	0.37650452169301407	1.5752650
0.895751953125	0.6475887266692294	0.9623234
0.896240234375	0.4320742670847525	-3.1015853
0.896728515625	0.006596718114385447	2.2643328
0.897216796875	0.9600571540714519	-3.3571463
0.897705078125	0.8866004667829729	1.6512916
0.898193359375	0.9615298741955135	-1.4438944
0.898681640625	0.48999480397358874	-2.6795388
0.899169921875	0.2642546288607668	1.2574925
0.899658203125	0.02846248207546964	1.3687044
0.900146484375	0.8436629078761873	1.5049004
0.900634765625	0.955472444438575	-0.5167314
0.901123046875	0.5381285510300414	2.4354896
0.901611328125	0.44795615858557436	1.9139119
0.902099609375	0.04269754959434635	0.9442026
0.902587890625	0.944641309758081	-2.8942760
0.903076171875	0.6131915511947793	-0.1792683
0.903564453125	0.29844936668797006	-4.6865589
0.904052734375	0.469443995013175	3.5075378
0.904541015625	0.08643625703512903	2.2572751
0.905029296875	0.7697481679739149	0.5013523
0.905517578125	0.6681684684485943	-1.3304380
0.906005859375	0.3839010426147259	1.4532689
0.906494140625	0.47049955242436514	-1.8821288
0.906982421875	0.7431490149608283	0.2913970
0.907470703125	0.6848929244274066	0.4460348
0.907958984375	0.34363984520213076	0.1268779
0.908447265625	0.5272911500488697	1.4321630
0.908935546875	0.15554096472609447	2.2442988
0.909423828125	0.5677599846598582	-0.9684905
0.909912109375	0.20080686842842788	0.0619516
0.910400390625	0.47855470582548454	2.5269388
0.910888671875	0.9447992924589839	3.3178498
0.911376953125	0.16881246653602455	-3.0288757
0.911865234375	0.26484211348141196	-1.4127594
0.912353515625	0.41883812748691185	-0.6246701
0.912841796875	0.5547101986274968	-2.2464804
0.913330078125	0.2471184685751584	3.5578995
0.913818359375	0.7685162907964005	0.1889272
0.914306640625	0.7420889921912411	3.6272041
0.914794921875	0.7491053933113938	0.9104726
0.915283203125	0.5747360767101578	-0.7178962
0.915771484375	0.20164856362549077	0.2380275
0.916259765625	0.9369146894714445	3.9258304
0.916748046875	0.9175326864999288	-3.9290743
0.917236328125	0.9864924884472083	1.0218431
0.917724609375	0.9098742227244037	-0.0704673
0.918212890625	0.7399176054274996	-2.7950540
0.918701171875	0.6511798748083844	-1.7275568
0.919189453125	0.6544916507499109	1.8687299
0.919677734375	0.5950894298438169	1.5210496
0.920166015625	0.2585862046359697	-0.1933740
0.920654296875	0.18515154469130113	1.5931723
0.921142578125	0.19346016192355986	0.3511528
0.921630859375	0.9997082463520645	-0.8601288
0.922119140625	0.9535431018158893	1.1163841
0.922607421875	0.026831677367618267	-1.9394020
0.923095703125	0.6844862466207996	-4.0525062
0.923583984375	0.10862450108895205	5.3407795
0.924072265625	0.30452117564801306	-1.3050138
0.924560546875	0.7199473829867713	-2.0397753
0.925048828125	0.34240222374408125	2.7719729
0.925537109375	0.6607792279792822	2.3134949
0.926025390625	0.5752596692909198	0.2337989
0.926513671875	0.23008214156659923	2.9412482
0.927001953125	0.3460057530821329	-0.7401091
0.927490234375	0.6264923312347468	-0.7331642
0.927978515625	0.339582049316543	-0.6261231
0.928466796875	0.8797695726447446	-1.6935849
0.928955078125	0.3005110114229089	-1.6641772
0.929443359375	0.5772243820104346	3.0347307
0.929931640625	0.3342380643480404	-0.0528254
0.930419921875	0.10993165005616301	0.5436403
0.930908203125	0.908065741372798	4.3542013
0.931396484375	0.5511928181978466	2.4627430
0.931884765625	0.7636623920026016	-5.8638360
0.932373046875	0.5993083482746075	2.1567645
0.932861328125	0.6848659521461177	-1.6502405
0.933349609375	0.1012744757871531	0.3816631
0.933837890625	0.397622977936948	2.7789880
0.934326171875	0.4346577751437646	1.7100790
0.934814453125	0.9823447556005923	-1.9003000
0.935302734375	0.7008841007778842	-1.7024511
0.935791015625	0.6748021041431222	-1.6242162
0.936279296875	0.0918895947831212	1.9127784
0.936767578125	0.14510756835312	2.1472333
0.937255859375	0.5790261110465089	-1.1103120
0.937744140625	0.5536738205593491	2.5664808
0.938232421875	0.9619266808280045	2.0525475
0.938720703125	0.36973145021814613	-4.3643372
0.939208984375	0.3574754856762228	-0.3917215
0.939697265625	0.03661157656282632	-0.4845161
0.940185546875	0.034972982248800744	0.1704443
0.940673828125	0.7162405926836165	0.8196771
0.941162109375	0.5710503045887991	0.0551205
0.941650390625	0.13398012913193458	0.6928597
0.942138671875	0.14299854831449554	-2.5531655
0.942626953125	0.7680168078798392	-0.6320854
0.943115234375	0.26619733111686283	0.5212463
0.943603515625	0.5320362463173361	2.1098447
0.944091796875	0.8526350987855331	0.6318127
0.944580078125	0.6360978595808218	0.3179732
0.945068359375	0.39361908620273545	3.9076484
0.945556640625	0.3817829956157093	0.3544553
0.946044921875	0.699308662035805	-0.9103448
0.946533203125	0.3602624958854672	1.6744438
0.947021484375	0.6374292493520921	0.6305288
0.947509765625	0.435492685710393	-6.7570822
0.947998046875	0.9583186391355301	0.0763907
0.948486328125	0.27199615282865475	2.2206933
0.948974609375	0.6563306137259077	-0.9260387
0.949462890625	0.22343375722533465	0.0223936
0.949951171875	0.5597050369642799	-1.5473030
0.950439453125	0.5533767360660916	2.1177763
0.950927734375	0.4515677854444877	-0.8399481
0.951416015625	0.085407570469612	0.4713051
0.951904296875	0.07112905318370888	3.8889108
0.952392578125	0.05111499831078248	-1.1937633
0.952880859375	0.7219147840586482	1.0438563
0.953369140625	0.6500209384376955	1.1101825
0.953857421875	0.8966242912957177	-1.8785968
0.954345703125	0.3864292306055679	0.3386181
0.954833984375	0.6177150910700435	-0.4202990
0.955322265625	0.7891906979765627	3.3326070
0.955810546875	0.9689596152760507	-0.3194199
0.956298828125	0.5391300953592688	-3.9296960
0.956787109375	0.2640001454829696	-2.1006104
0.957275390625	0.16619719870340854	0.6969422
0.957763671875	0.24948644412701504	2.8159635
0.958251953125	0.3782355873306116	-3.8640602
0.958740234375	0.7869693856555827	2.5312633
0.959228515625	0.24267339408502786	-1.0353983
0.959716796875	0.29172665381015594	3.1302028
0.960205078125	0.06163218971620199	0.7148417
0.960693359375	0.34862336739838684	-3.6042823
0.961181640625	0.013237000409004107	-2.5488748
0.961669921875	0.9735905135691076	-2.9985765
0.962158203125	0.8337435543726984	-5.8470094
0.962646484375	0.8710988949585814	0.9464996
0.963134765625	0.796043352763358	-0.6876713
0.963623046875	0.257995536902096	-5.3646620
0.964111328125	0.51286293991502	-1.0735609
0.964599609375	0.715262944544226	3.1473931
0.965087890625	0.12335657963014346	-1.1273624
0.965576171875	0.5027916321712381	-4.3792068
0.966064453125	0.878751440679432	1.6955401
0.966552734375	0.567380364876369	-2.9035979
0.967041015625	0.1483075525685813	-1.6105836
0.967529296875	0.4082792802576517	2.7910655
0.968017578125	0.24629891538103565	2.8112905
0.968505859375	0.18317768401507095	-4.7127469
0.968994140625	0.012327254598567983	2.1045529
0.969482421875	0.16424126452522347	-1.5216769
0.969970703125	0.7424903542758429	-0.5423080
0.970458984375	0.4403832370958014	3.2077998
0.970947265625	0.3023139738132178	2.4672501
0.971435546875	0.7382907381304886	-1.7313058
0.971923828125	0.1916149874852372	-3.1482094
0.972412109375	0.3588319874150816	-2.3975819
0.972900390625	0.0674137959841764	-1.9554128
0.973388671875	0.5334715941030446	-2.0736855
0.973876953125	0.05760162568046834	0.2919121
0.974365234375	0.3614809494488236	-2.0760020
0.974853515625	0.8623639019934896	0.9021933
0.975341796875	0.8354295207890385	0.9864268
0.975830078125	0.5925583487084126	3.3677293
0.976318359375	0.07018860311770247	1.1542738
0.976806640625	0.9376682159120899	-3.3755159
0.977294921875	0.5681054481295927	1.8301213
0.977783203125	0.197040266065718	0.5133114
0.978271484375	0.3568705891460472	-0.7531937
0.978759765625	0.006445638197425496	-2.2364814
0.979248046875	0.8817852177728289	0.4225010
0.979736328125	0.010264413699095143	-0.6452440
0.980224609375	0.20365025747946597	1.0263621
0.980712890625	0.9836112288073242	-1.6676159
0.981201171875	0.008472954203766259	0.0184984
0.981689453125	0.9174360883376934	0.0171262
0.982177734375	0.1648819817741508	-1.2060718
0.982666015625	0.7151211263900672	-1.1738627
0.983154296875	0.6369377499850644	-1.4833878
0.983642578125	0.4865459938445682	2.0724386
0.984130859375	0.8694316520876967	-1.5042553
0.984619140625	0.9933319570537666	1.6217156
0.985107421875	0.7834161708098822	1.9191709
0.985595703125	0.8284436312976087	-2.2355189
0.986083984375	0.053357690098387645	-0.1902428
0.986572265625	0.08909660886692083	-5.5333083
0.987060546875	0.7638365714632307	-4.5536931
0.987548828125	0.011686604257658106	-1.3823868
0.988037109375	0.07114275160308148	4.2219167
0.988525390625	0.6220373224467914	0.4830388
0.989013671875	0.409562922685499	2.5098842
0.989501953125	0.457611911562956	1.9708382
0.989990234375	0.6978849981054275	-1.5936535
0.990478515625	0.837508722915312	0.5684167
0.990966796875	0.11103962583091598	3.4736463
0.991455078125	0.6912696896793223	-0.5744198
0.991943359375	0.30536478222168484	-0.8425194
0.992431640625	0.2620825234406565	0.0231986
0.992919921875	0.6223511949463222	4.1982137
0.993408203125	0.9303057618087485	1.8565879
0.993896484375	0.17166119786562517	3.6150493
0.994384765625	0.26895697861143386	1.3122586
0.994873046875	0.8145933535895217	1.7500785
0.995361328125	0.2565746058480203	-1.6068329
0.995849609375	0.7670000962853741	3.0637544
0.996337890625	0.30051355488227915	-0.3945825
0.996826171875	0.727085249879067	-3.2317752
0.997314453125	0.5342093106204088	-0.8912454
0.997802734375	0.34777347071677966	-0.0382481
0.998291015625	0.367314321365392	1.0152692
0.998779296875	0.3328351693431205	2.4576267
0.999267578125	0.8130707479551046	0.8756583
0.999755859375	0.0861774199227825	-2.0286477
