x1	x2	irelevant1	!spiral1	!spiral2
-0.10974	0.55169	0.726182614	1	0
0.10974	-0.55169	0.310871808	0	1
-0.23918	0.57742	0.854987284	1	0
0.23918	-0.57742	0.777527861	0	1
-0.38195	0.57164	0.5186986	1	0
0.38195	-0.57164	0.616493307	0	1
-0.53033	0.53033	0.1553567	1	0
0.53033	-0.53033	0.215022748	0	1
-0.67557	0.4514	0.34884802	1	0
0.67557	-0.4514	0.222306271	0	1
-0.80839	0.33485	0.227681018	1	0
0.80839	-0.33485	0.745429934	0	1
-0.91949	0.1829	0.893297049	1	0
0.91949	-0.1829	0.101001193	0	1
-1	0	0.288803973	1	0
1	0	0.636301921	0	1
-1.04208	-0.20728	0.452622575	1	0
1.04208	0.20728	0.187607671	0	1
-1.03936	-0.43052	0.414010304	1	0
1.03936	0.43052	0.484648723	0	1
-0.98737	-0.65974	0.650057915	1	0
0.98737	0.65974	0.724437769	0	1
-0.88388	-0.88388	0.498459824	1	0
0.88388	0.88388	0.625827483	0	1
-0.72919	-1.0913	0.809675426	1	0
0.72919	1.0913	0.30479126	0	1
-0.52619	-1.27033	0.419191292	1	0
0.52619	1.27033	0.061765793	0	1
-0.28044	-1.40988	0.359250828	1	0
0.28044	1.40988	0.694310837	0	1
0	-1.5	0.634055318	1	0
0	1.5	0.80430147	0	1
0.30483	-1.53248	0.51809418	1	0
-0.30483	1.53248	0.087976478	0	1
0.62186	-1.5013	0.759598513	1	0
-0.62186	1.5013	0.124147543	0	1
0.93752	-1.4031	0.47642087	1	0
-0.93752	1.4031	0.321080532	0	1
1.23744	-1.23744	0.506835925	1	0
-1.23744	1.23744	0.571968305	0	1
1.50704	-1.00697	0.250374985	1	0
-1.50704	1.00697	0.694125701	0	1
1.73227	-0.71753	0.722012616	1	0
-1.73227	0.71753	0.795278443	0	1
1.90027	-0.37799	0.405606814	1	0
-1.90027	0.37799	0.49444039	0	1
2	0	0.17886902	1	0
-2	0	0.113353779	0	1
2.02287	0.40237	0.88234519	1	0
-2.02287	-0.40237	0.001406873	0	1
1.96324	0.8132	0.199589366	1	0
-1.96324	-0.8132	0.532069461	0	1
1.81884	1.21531	0.226194355	1	0
-1.81884	-1.21531	0.747550149	0	1
1.59099	1.59099	0.14352587	1	0
-1.59099	-1.59099	0.381556873	0	1
1.28476	1.92277	0.63142409	1	0
-1.28476	-1.92277	0.074335627	0	1
0.90887	2.19421	0.295956055	1	0
-0.90887	-2.19421	0.041797859	0	1
0.47553	2.39066	0.33731108	1	0
-0.47553	-2.39066	0.569376633	0	1
0	2.5	0.713544115	1	0
0	-2.5	0.28475146	0	1
-0.49992	2.51326	0.083128414	1	0
0.49992	-2.51326	0.800853614	0	1
-1.00454	2.42518	0.138841633	1	0
1.00454	-2.42518	0.606334357	0	1
-1.4931	2.23457	0.523669074	1	0
1.4931	-2.23457	0.875298452	0	1
-1.94454	1.94454	0.183077017	1	0
1.94454	-1.94454	0.547553365	0	1
-2.33851	1.56254	0.734728688	1	0
2.33851	-1.56254	0.736499118	0	1
-2.65615	1.10021	0.594646705	1	0
2.65615	-1.10021	0.411314465	0	1
-2.88106	0.57308	0.196761503	1	0
2.88106	-0.57308	0.796131457	0	1
-3	0	0.580135855	1	0
3	0	0.969909721	0	1
-3.00365	-0.59746	0.934962713	1	0
3.00365	0.59746	0.44082609	0	1
-2.88712	-1.19589	0.825359775	1	0
2.88712	1.19589	0.727909734	0	1
-2.65031	-1.77088	0.815319578	1	0
2.65031	1.77088	0.195730622	0	1
-2.2981	-2.2981	0.075831579	1	0
2.2981	2.2981	0.056166231	0	1
-1.84033	-2.75424	0.34871239	1	0
1.84033	2.75424	0.841228083	0	1
-1.29156	-3.11809	0.879225937	1	0
1.29156	3.11809	0.044855297	0	1
-0.67062	-3.37145	0.738935887	1	0
0.67062	3.37145	0.577324992	0	1
0	-3.5	0.36682207	1	0
0	3.5	0.23696918	0	1
0.69501	-3.49405	0.325550263	1	0
-0.69501	3.49405	0.409323165	0	1
1.38723	-3.34906	0.756574284	1	0
-1.38723	3.34906	0.498390213	0	1
2.04866	-3.06604	0.018760569	1	0
-2.04866	3.06604	0.288741639	0	1
2.65165	-2.65165	0.597371197	1	0
-2.65165	2.65165	0.156658003	0	1
3.16998	-2.11811	0.801061824	1	0
-3.16998	2.11811	0.185056122	0	1
3.58003	-1.4829	0.642210125	1	0
-3.58003	1.4829	0.19776644	0	1
3.86184	-0.76817	0.879176454	1	0
-3.86184	0.76817	0.186675202	0	1
4	0	0.637425902	1	0
-4	0	0.74880488	0	1
3.98444	0.79256	0.609850013	1	0
-3.98444	-0.79256	0.933674219	0	1
3.811	1.57857	0.245778593	1	0
-3.811	-1.57857	0.293983084	0	1
3.48178	2.32645	0.894359447	1	0
-3.48178	-2.32645	0.170158905	0	1
3.0052	3.0052	0.78311773	1	0
-3.0052	-3.0052	0.072557533	0	1
2.3959	3.58571	0.339128172	1	0
-2.3959	-3.58571	0.970732724	0	1
1.67424	4.04197	0.44150551	1	0
-1.67424	-4.04197	0.889401825	0	1
0.86571	4.35223	0.11363048	1	0
-0.86571	-4.35223	0.243393586	0	1
0	4.5	0.196094748	1	0
0	-4.5	0.132441573	0	1
-0.8901	4.47483	0.101807431	1	0
0.8901	-4.47483	0.440286493	0	1
-1.76991	4.27294	0.648722056	1	0
1.76991	-4.27294	0.135900132	0	1
-2.60424	3.89751	0.639505118	1	0
2.60424	-3.89751	0.018091018	0	1
-3.35876	3.35876	0.648090409	1	0
3.35876	-3.35876	0.154278393	0	1
-4.00145	2.67368	0.857985197	1	0
4.00145	-2.67368	0.081423763	0	1
-4.50391	1.86558	0.644579364	1	0
4.50391	-1.86558	0.119218129	0	1
-4.84263	0.96326	0.412347231	1	0
4.84263	-0.96326	0.815487261	0	1
-5	0	0.387135447	1	0
5	0	0.039875254	0	1
-4.96523	-0.98765	0.163740516	1	0
4.96523	0.98765	0.768298629	0	1
-4.73488	-1.96125	0.750359198	1	0
4.73488	1.96125	0.377155738	0	1
-4.31325	-2.88202	0.205532981	1	0
4.31325	2.88202	0.778183064	0	1
-3.71231	-3.71231	0.191819101	1	0
3.71231	3.71231	0.973143465	0	1
-2.95147	-4.41718	0.476143174	1	0
2.95147	4.41718	0.35881812	0	1
-2.05692	-4.96585	0.58278731	1	0
2.05692	4.96585	0.149276036	0	1
-1.0608	-5.33302	0.085031135	1	0
1.0608	5.33302	0.651967035	0	1
0	-5.5	0.930005804	1	0
0	5.5	0.400300986	0	1
1.08519	-5.45562	0.393381997	1	0
-1.08519	5.45562	0.637140491	0	1
2.15259	-5.19682	0.811755236	1	0
-2.15259	5.19682	0.705771274	0	1
3.15981	-4.72898	0.837306307	1	0
-3.15981	4.72898	0.147777873	0	1
4.06586	-4.06586	0.188413883	1	0
-4.06586	4.06586	0.856815933	0	1
4.83292	-3.22925	0.458919382	1	0
-4.83292	3.22925	0.385140655	0	1
5.42779	-2.24827	0.615857104	1	0
-5.42779	2.24827	0.353147722	0	1
5.82341	-1.15835	0.119451182	1	0
-5.82341	1.15835	0.043962144	0	1
6	0	0.789462186	1	0
-6	0	0.363746838	0	1
5.94601	1.18274	0.408577796	1	0
-5.94601	-1.18274	0.867999252	0	1
5.65876	2.34394	0.777147818	1	0
-5.65876	-2.34394	0.964385634	0	1
5.14472	3.43759	0.335453794	1	0
-5.14472	-3.43759	0.438983665	0	1
4.41942	4.41942	0.261790982	1	0
-4.41942	-4.41942	0.366136384	0	1
3.50704	5.24865	0.989464653	1	0
-3.50704	-5.24865	0.269071399	0	1
2.43961	5.88973	0.606528377	1	0
-2.43961	-5.88973	0.131230524	0	1
1.25589	6.31381	0.492506667	1	0
-1.25589	-6.31381	0.814740814	0	1
0	6.5	0.580863595	1	0
0	-6.5	0.436114278	0	1