a1	a2	a3	a4	a5	a6	a7	a8	a9	a10	a11	a12	a13	a14	a15	a16	a17	a18	a19	a20	a21	a22	a23	a24	a25	a26	a27	a28	a29	a30	a31	a32	a33	a34	a35	a36	a37	!o1	!o2	!o3	!o4
-0.0051813	0.037259	1941.5	6000	3076	273	0	28	13.269	4.8461	2.25	1.2938	189.44	72.012	43	0	27.111	12.429	0.34367	0.40455	0.34551	0.14242	0.10629	313.52	345	5115	732	109.86	-3076	3091.9	54	19	2	6	1	206.9	162.16	1	0	0	0
0.0046956	0.085899	9356.2	6000	3016	369	0	30	18.867	7.157	3.4667	1.1059	164.45	14.194	66	22	41.759	12.109	1.8563	0.74122	0.50515	0.39884	0.060158	458.13	566	4769	1211	100.53	-3016	3050.6	104	32	7	6	2	120	139.53	1	0	0	0
2.1722e-05	0.028648	1093.3	6000	2933	282	0	27	15.333	5.5847	1.8696	0.4577	197.88	113.68	44	0	26.077	11.317	0.46105	0.20977	0.21994	0.14371	0.045496	407.95	368	5145	678	108.63	-2933	2961.2	43	26	1	3	1	857.14	1000	1	0	0	0
2.1722e-05	0.028648	1093.3	6000	2933	282	0	27	15.333	5.5847	1.8696	0.4577	197.88	113.68	44	0	26.077	11.317	0.46105	0.20977	0.21994	0.14371	0.045496	407.95	368	5145	678	108.63	-2933	2961.2	43	26	1	3	1	857.14	1000	1	0	0	0
-0.0077248	0.11868	17570	6000	3029	459	0	25	15.2	7.1531	2.6667	1.3726	207.25	60.219	72	12	34.417	14.482	1.8551	1.3399	1.1278	0.63237	0.26556	281.62	380	4974	826	121.16	-3029	3042.1	64	34	5	5	1	76.923	100	1	0	0	0
0.0040972	0.307	1.1089e+05	6000	2957	476	0	26	18.76	6.2201	2.8	1.0801	197.2	19.166	55	1	37.32	14.424	0.28836	4.7597	2.6739	1.542	0.55589	310.39	469	4930	933	113.73	-2957	2973.2	70	28	6	4	1	107.14	136.36	1	0	0	0
-0.00078869	0.031748	4352.4	6000	2963	224	0	28	15.143	6.948	2.6429	1.2536	182	33.502	78	12	29.889	12.777	0.45945	0.24877	0.23226	0.15789	0.045858	501.47	424	4914	807	105.82	-2963	3005.1	74	38	4	6	1	127.66	127.66	1	0	0	0
-0.00078869	0.031748	4352.4	6000	2963	224	0	28	15.143	6.948	2.6429	1.2536	182	33.502	78	12	29.889	12.777	0.45945	0.24877	0.23226	0.15789	0.045858	501.47	424	4914	807	105.82	-2963	3005.1	74	38	4	6	1	127.66	127.66	1	0	0	0
0.0024506	0.016087	278.69	6000	2956	288	0	15	15.933	3.2175	4.0667	0.96115	353.57	17.359	44	22	33.714	5.7302	0.37922	0.047994	0.17906	0.14007	0.019235	198.92	239	4950	472	197.07	-2956	2962.7	61	21	9	6	3	250	230.77	1	0	0	0
0.038899	1.126	1.8162e+06	6000	2961	516	0	19	18.579	8.2752	2.7895	0.71328	290.39	20.097	102	20	39.389	17.813	-1044	687.5	10.889	7.4895	2.0521	186.79	353	5227	709	155.84	-2961	2966.9	53	45	8	5	2	48	61.856	1	0	0	0
0.087591	1.1804	1.9358e+06	6000	2983	278	0	20	15.421	4.811	2.8421	0.76472	282.26	59.053	46	0	30.158	9.9903	-1134.7	543.88	11.548	8.4421	1.3343	196.9	293	5363	573	149.15	-2983	2989.5	54	25	7	5	2	34.682	43.796	1	0	0	0
0.028286	1.0902	1.6908e+06	6000	2941	310	0	19	18.632	3.9611	3.3684	1.0651	273.94	51.879	53	26	37.778	7.3289	-964	387.45	9.3522	7.7644	1.1315	222.85	354	4931	680	154.79	-2941	2949.4	64	25	13	6	2	45.455	52.632	1	0	0	0
-0.0058523	1.2246	2.5999e+06	6000	2961	568	0	19	19.053	7.0748	2.6842	0.74927	287.89	15.381	60	18	42.167	12.055	-1030.2	765.7	9.9935	6.984	2.3784	216.75	362	5182	759	155.84	-2961	2968.9	51	27	5	4	1	48	60.606	1	0	0	0
0.003084	1.4506	3.8254e+06	6000	2966	573	0	19	21.263	5.9893	2.9474	0.22942	285.22	16.105	54	17	43.889	9.7853	-1568.5	224.43	9.6907	8.7299	0.57544	278.85	404	5134	790	156.11	-2966	2979.1	56	29	5	3	2	43.478	55.046	1	0	0	0
-0.0042891	1.3342	3.2121e+06	6000	2906	553	0	18	21.611	4.354	3	0	285.88	15.624	55	30	43.941	8.7498	-1344	462.73	9.4933	8.1389	1.3241	251.86	389	4860	747	161.44	-2906	2916.9	54	28	11	3	3	48	70.588	1	0	0	0
0.0012115	0.8473	1.1484e+06	6000	2959	474	0	16	16.667	8.5579	2.5714	0.64621	340.53	123.49	54	6	33.867	17.651	-383.71	383.46	7.7533	4.9681	2.175	178.76	250	5108	508	184.94	-2959	2964.4	36	29	3	3	1	64.516	105.26	1	0	0	0
-0.00024655	1.0713	2.2338e+06	6000	2971	539	0	19	20.263	4.7357	2.8421	0.37463	288.83	16.85	53	31	41.611	6.5092	-488.14	209.28	7.1769	6.4218	0.59703	273.76	385	5199	749	156.37	-2971	2983.6	54	27	11	3	2	52.632	60	1	0	0	0
-0.0032303	0.91545	1.5216e+06	6000	2995	540	0	18	19.778	6.7437	2.6667	0.48507	289.24	19.706	54	28	41.471	8.8679	-342.94	254.95	7.1177	5.6427	1.4401	229.37	356	4917	705	166.39	-2995	3003.8	48	31	10	3	2	56.075	75.949	1	0	0	0
0.0010506	0.61625	4.6861e+05	6000	3041	512	0	16	15.312	3.4779	3.5	1.1547	338.73	118.74	46	20	34.8	8.0552	-181.79	86.098	5.4404	4.3743	0.67009	178.46	245	5081	522	190.06	-3041	3046.2	56	24	10	6	2	48.387	74.074	1	0	0	0
-0.00097731	0.59433	4.7247e+05	6000	3005	533	0	19	16.842	1.8638	3.5263	0.69669	292.17	18.066	48	22	38.167	6.5731	-142.72	91.877	5.2283	4.0087	0.79567	190.18	320	5259	687	158.16	-3005	3011	67	20	13	5	2	45.802	65.934	1	0	0	0
-0.0010911	0.57689	4.2559e+05	6000	2975	522	0	18	16.333	2.3515	3.7222	1.0178	293.59	14.522	48	26	37.294	5.8924	-144.09	85.253	5.1636	3.9089	0.85095	182.13	294	4991	634	165.28	-2975	2980.6	67	22	13	6	3	48.78	63.158	1	0	0	0
-0.006379	0.9193	1.2373e+06	6000	2989	621	0	18	17.667	4.5504	2.8333	0.61835	293.47	15.741	52	11	37.294	10.769	-353.32	176.2	6.7621	5.4665	1.2285	241.11	318	4989	634	166.06	-2989	2998.7	51	23	4	4	1	38.961	47.619	1	0	0	0
0.0045345	1.004	1.5402e+06	6000	3051	596	0	19	16.789	3.5991	2.8947	0.45883	292.5	19.416	52	17	37.444	7.9795	-463.61	154.27	7.0413	6.2711	0.57176	246.69	319	5265	674	160.58	-3051	3061	55	22	8	4	2	43.165	53.571	1	0	0	0
0.0063902	0.91141	1.2957e+06	6000	3105	633	0	18	19.389	3.517	3.4444	0.70479	289.65	15.624	53	29	40.765	7.6773	-371.05	158.72	6.6723	5.8352	0.7503	237.47	349	4924	693	172.5	-3105	3114.1	62	25	14	5	3	37.037	42.254	1	0	0	0
0.027766	0.94652	1.4069e+06	6000	3056	473	0	19	21.632	11.852	3.1667	1.5049	282.72	17.596	116	29	48	18.314	-289.65	594.47	10.966	6.3614	1.6716	164.34	411	5089	864	160.84	-3056	3060.4	57	65	6	9	2	38.462	49.587	1	0	0	0
0.042499	1.0137	2.0505e+06	6000	3049	205	0	19	21.211	12.417	2.9474	1.1773	285	23.225	126	24	44.111	22.205	-368.09	974.22	13.686	6.639	2.0932	163.48	403	5130	794	160.47	-3049	3053.4	56	67	9	7	2	40.268	50.847	1	0	0	0
-0.03474	0.9478	1.7881e+06	6000	3079	118	0	19	18.684	6.4036	2.5789	0.50726	272.72	53.622	53	20	38.944	9.6618	-294.47	747.98	12.083	6.3985	1.8015	186.97	355	4909	701	162.05	-3079	3084.7	49	28	7	3	2	37.975	49.18	1	0	0	0
-0.027326	0.54499	3.1649e+05	6000	2949	421	0	19	10.526	3.5177	1.9474	0.52427	307.61	102.06	33	11	21.722	6.884	-85.33	95.004	11.096	3.3311	2.2933	86.746	200	5537	391	155.21	-2949	2950.3	37	15	5	3	1	49.587	82.192	1	0	0	0
-0.062546	0.58438	5.5061e+05	6000	2920	111	0	16	11.938	3.5302	2.125	0.61914	329.33	143.13	33	11	23.2	6.9714	-85.838	52.282	13.63	3.8181	2.8049	98.462	191	4940	348	182.5	-2920	2921.7	34	18	7	3	1	56.075	89.552	1	0	0	0
0.031851	0.53189	4.9856e+05	6000	2933	86	0	17	10.353	4.4713	2.0625	0.68007	308.44	108.65	51	2	22.625	10.825	-62.979	51.54	12.061	3.1771	2.5532	114.02	176	4935	362	172.53	-2933	2935.2	33	20	1	3	1	58.824	80	1	0	0	0
0.0049656	1.1287	2.1141e+06	6000	2934	457	0	17	16.188	6.4417	2.5	0.7303	337.19	123.52	53	2	33.812	14.303	-1062.5	742.75	10.139	7.0875	2.817	196.3	259	5395	541	172.59	-2934	2940.6	40	27	7	3	1	47.244	64.516	1	0	0	0
0.02207	1.3483	3.2382e+06	6000	2937	484	0	19	20.947	4.3137	2.8947	0.45883	286	18	53	17	43.111	8.0578	-1583.8	222.53	10.301	9.1898	0.52824	242.6	398	5148	776	154.58	-2937	2947	55	25	6	3	1	41.096	49.587	1	0	0	0
0.0033112	1.2401	2.8559e+06	6000	2927	529	0	18	18.444	3.5846	2.7222	0.46089	292.41	15.965	52	21	38.235	10.028	-1346.6	405.45	9.8587	8.4501	1.3201	233.87	332	4971	650	162.61	-2927	2936.3	49	24	12	3	2	49.18	67.416	1	0	0	0
-0.0027448	0.82062	9.5057e+05	6000	2922	480	0	16	18.667	8.2865	2.4667	0.63994	357	256.7	59	17	38.6	12.866	-270.12	244.13	7.9359	5.5821	2.2452	169.99	280	5355	579	182.62	-2922	2926.9	37	30	7	3	1	59.406	105.26	1	0	0	0
-0.0081457	1.0914	2.0452e+06	6000	3011	539	0	19	21.895	7.1094	2.8421	0.50146	286.67	17.036	59	27	42.778	10.373	-399.3	125.05	8.0622	7.1036	0.41615	250.18	416	5160	770	158.47	-3011	3021.4	54	33	11	4	2	43.478	60	1	0	0	0
-0.0035111	0.94671	1.5167e+06	6000	3028	519	0	18	20.833	6.6972	2.8889	0.83235	289.18	16.482	53	20	41.176	9.5736	-313.73	171.6	7.6807	6.3501	1.2699	224.45	375	4916	700	168.22	-3028	3036.3	52	32	10	5	1	50	65.934	1	0	0	0
-0.038694	0.58172	3.886e+05	6000	3053	333	0	19	18.947	5.1367	2.5263	0.77233	279.28	8.6894	49	22	38.444	8.1977	-56.596	38.507	5.0606	3.675	1.291	236.18	360	5027	692	160.68	-3053	3062.1	48	28	9	4	1	53.571	82.192	1	0	0	0
-0.0090075	0.12847	31129	6000	3013	507	0	29	21.621	19.02	3.8571	2.5635	158.04	80.078	118	5	44.321	36.652	2.1605	1.3383	1.0505	0.61001	0.25392	346.38	627	4425	1241	103.9	-3013	3032.8	108	60	2	9	1	46.875	58.824	1	0	0	0
-0.012092	0.20362	57606	6000	3021	269	0	17	13.294	6.1315	1.9375	1.1236	301.25	12.599	50	2	29.375	13.16	2.9319	2.5232	2.4666	1.1321	0.71092	174.41	226	4820	470	177.71	-3021	3026	31	23	1	4	1	85.714	109.09	1	0	0	0
-0.024183	0.35341	1.4004e+05	6000	2993	201	0	18	21.667	7.6312	3.2222	0.64676	290.53	22.083	59	28	41.824	8.8617	-3.853	5.1983	3.3841	2.4136	0.62585	210.54	390	4939	711	166.28	-2993	3000.4	58	34	12	4	2	78.947	115.38	1	0	0	0
0.0032635	0.33398	1.8717e+05	6000	3040	456	0	18	25.778	7.9967	3.5556	0.78382	286.35	20.524	54	29	47.353	7.9682	-3.9666	4.8043	2.9481	2.2676	0.33253	209.54	464	4868	805	168.89	-3040	3047.2	64	35	6	4	1	84.507	146.34	1	0	0	0
-0.013991	0.20494	38600	6000	3002	202	0	18	13.882	7.4068	2.4706	1.1789	302.12	12.439	47	0	28.353	15.6	0.15641	7.1431	2.135	1.086	0.57124	206.59	236	5136	482	166.78	-3002	3009.1	42	29	2	4	1	75.949	113.21	1	0	0	0
-0.0032226	0.19416	35367	6000	3071	364	0	19	13.167	4.2322	2.8824	1.5765	291.28	11.292	39	1	25.556	10.777	1.4882	3.1511	2.0205	1.182	0.50467	202	237	5243	460	161.63	-3071	3077.6	49	19	5	6	1	64.516	100	1	0	0	0
-0.024681	0.11183	28772	6000	2996	276	0	24	26.429	14.045	5.75	3.0758	204.35	72.249	93	0	45	30.679	2.1184	1.4982	1.0047	0.51481	0.30342	366.17	555	4700	1035	124.83	-2996	3018.3	115	45	1	12	1	46.875	59.406	1	0	0	0
-0.010582	0.12692	17980	6000	2961	277	0	17	18.062	8.66	3.4667	1.2459	320.31	85.96	61	0	37.062	18.252	2.2348	1.6048	1.3859	0.77785	0.42663	210.99	289	5125	593	174.18	-2961	2968.5	52	28	1	5	1	81.081	127.66	1	0	0	0
-0.0053133	0.056399	4139.2	6000	2946	275	0	18	17.056	7.416	3.1176	1.2187	295.94	19.334	62	19	37.118	11.363	1.4096	0.81567	0.66015	0.29553	0.13913	225.33	307	5031	631	163.67	-2946	2954.6	53	32	1	6	1	206.9	250	1	0	0	0
-0.0050771	0.062781	4662.1	6000	3049	234	0	18	17.944	3.7959	3.0556	0.99836	295.24	21.993	46	27	39.353	5.873	1.3992	0.8117	0.65811	0.31999	0.15476	234.59	323	5019	669	169.39	-3049	3058	55	23	7	5	1	171.43	260.87	1	0	0	0
-0.00090072	0.18	36324	6000	2982	441	0	18	17.824	4.9779	3.0588	1.088	296.76	16.357	52	0	33.941	11.976	3.609	1.4049	1.9672	1.0809	0.34484	177.25	303	5045	577	165.67	-2982	2987.3	52	25	8	5	1	69.767	107.14	1	0	0	0
-0.019361	0.1597	36850	6000	2941	138	0	18	14.056	4.8564	2.2353	0.75245	302.94	77.849	47	11	33.529	11.98	2.779	2.3263	1.9184	1.0545	0.36342	199.65	253	5150	570	163.39	-2941	2947.8	38	22	5	4	1	142.86	352.94	1	0	0	0
0.0063031	0.088949	11583	6000	3001	429	0	22	27.389	12.853	5.8889	3.3412	199.71	84.719	93	0	50.524	31.744	2.1362	1.5487	0.86863	0.41327	0.27102	262.44	493	4194	1061	136.41	-3001	3012.5	106	47	5	12	1	63.158	85.714	1	0	0	0
0.0034659	0.18908	33777	6000	2958	363	0	17	14.438	4.3046	2.875	1.2583	327	85.41	55	0	28.562	12.285	-0.5264	6.3777	2.174	1.2205	0.51336	164.59	231	5232	457	174	-2958	2962.6	46	24	8	5	1	82.192	115.38	1	0	0	0
0.0060153	0.31055	1.9677e+05	6000	2880	415	0	16	13.75	4.1069	1.9333	0.79881	303.73	12.192	44	12	28.933	8.8517	-13.06	16.428	2.5872	1.7719	0.64445	237.72	220	4556	434	180	-2880	2889.8	29	22	4	3	1	98.361	142.86	1	0	0	0
0.0089108	0.40776	2.8505e+05	6000	2946	401	0	17	13.412	5.1242	1.75	0.7746	304.12	15.547	40	18	28.688	7.364	-51.63	68.684	4.348	2.3513	1.0983	172.25	228	4866	459	173.29	-2946	2951	28	22	1	3	1	61.224	95.238	1	0	0	0
-0.00054141	0.15548	17231	6000	2982	350	0	15	12.786	5.9508	2.9231	1.1875	353.79	184.65	44	0	24.571	13.805	1.3144	1.4243	1.6598	1.001	0.59465	153.53	179	4953	344	198.8	-2982	2985.9	38	22	1	5	1	107.14	115.38	1	0	0	0
0.013683	0.11665	28463	6000	3042	141	0	18	22.438	8.4929	2.6875	0.87321	301.82	75.144	54	0	35.294	16.65	2.1573	1.269	0.97703	0.56882	0.24561	324.66	359	5131	600	169	-3042	3059.3	43	33	4	4	1	206.9	315.79	1	0	0	0
0.017024	0.034667	10885	6000	3011	129	0	17	15.154	9.8052	2.4167	1.3114	327.81	179.18	80	0	28.562	24.473	0.56063	0.57513	0.33083	0.15706	0.090314	488.62	197	5245	457	177.12	-3011	3050.4	29	36	3	4	1	200	272.73	1	0	0	0
0.011261	0.19257	42721	6000	3034	269	0	17	18.059	7.5289	3.3529	1.7299	316.88	86.289	60	16	36.438	13.461	2.7403	2.9313	1.9264	1.1351	0.51221	207.5	307	5070	583	178.47	-3034	3041.1	57	30	7	7	1	95.238	146.34	1	0	0	0
0.009977	0.37724	2.2834e+05	6000	2974	347	0	18	17.222	7.2886	2.8824	0.60025	295.06	20.816	55	5	35.529	14.955	-19.18	16.459	3.4833	2.2242	0.99041	195.33	310	5016	604	165.22	-2974	2980.4	49	28	3	4	2	60	89.552	1	0	0	0
0.0019788	0.44694	3.3949e+05	6000	3007	603	0	17	21	4.7302	2.9412	0.24254	286.44	14.619	55	37	46.562	5.215	-21.978	14.424	4.2152	3.0328	0.72857	193.45	357	4583	745	176.88	-3007	3013.2	50	27	6	3	2	46.154	65.217	1	0	0	0
-0.0014976	0.18926	43399	6000	2973	208	0	14	22.643	5.0476	3.5	1.0919	382.46	275.65	60	28	45	11.195	-0.33876	6.5079	1.8399	1.1365	0.4036	203.01	317	4972	585	212.36	-2973	2979.9	49	30	15	5	2	81.081	115.38	1	0	0	0
-0.020258	0.19434	57090	6000	2982	132	0	15	16.467	4.9406	2	0.37796	374.64	340.72	46	22	33.929	8.9483	-1.7289	5.6385	1.8253	1.2436	0.4149	243.36	247	5245	475	198.8	-2982	2991.9	30	24	8	3	1	157.89	250	1	0	0	0
0.00040532	0.069091	8697.5	6000	3007	220	0	18	20.667	3.5314	4.2778	1.5645	280.47	7.674	48	23	39	6.235	1.8945	0.57524	0.57442	0.43565	0.090154	297.15	372	4768	663	167.06	-3007	3021.6	77	26	13	7	2	109.09	181.82	1	0	0	0
-0.019306	0.1997	65732	6000	3055	185	0	17	17.941	7.6032	3.3529	1.4975	314.12	82.132	61	14	36.625	14.226	1.7314	4.2792	1.9354	1.0434	0.37952	259.58	305	5026	586	179.71	-3055	3066	57	29	4	7	1	63.158	95.238	1	0	0	0
0.0040636	0.46742	4.0723e+05	6000	3073	425	0	18	16.667	7.9261	2.5	0.78591	295.06	19.292	53	11	36.294	13.891	-21.989	18.804	3.4858	2.7399	0.70493	246.18	300	5016	617	170.72	-3073	3082.8	45	28	3	4	1	86.957	150	1	0	0	0
-0.0016382	0.49824	5.0237e+05	6000	3103	441	0	17	18.412	6.2755	2.4118	0.71229	296.31	16.985	51	15	34.625	10.905	-29.466	17.17	3.5125	3.0033	0.37604	264.76	313	4741	554	182.53	-3103	3114.3	41	31	8	3	1	85.714	153.85	1	0	0	0
-0.0046919	0.19951	29688	6000	3001	404	0	13	11.091	3.8067	2.2727	0.78625	443	291.57	41	2	20.417	12.731	-24.687	51.162	4.2538	1.4969	1.2699	77.863	122	5316	245	230.85	-3001	3002	25	18	5	4	1	88.235	98.361	1	0	0	0
0.015525	0.22903	45816	6000	2889	219	0	17	13.6	5.8407	2.8571	1.3506	331.94	161.3	40	0	25.375	12.334	-15.663	34.399	3.5797	1.5284	0.90519	121.66	204	5311	406	169.94	-2889	2891.6	40	20	1	6	1	100	157.89	1	0	0	0
-0.01097	0.1065	19918	6000	2936	227	0	18	20.444	4.8655	2.5	0.98518	275.59	13.412	69	28	44.471	12.526	3.3189	0.61519	0.89213	0.55295	0.18026	301.27	368	4685	756	163.11	-2936	2951.4	45	32	14	5	2	83.333	107.14	1	0	0	0
-0.0028031	0.44765	2.6989e+05	6000	2965	423	0	14	21.462	6.2399	3.3077	1.5484	411.69	168.31	68	0	44.385	18.072	-106.71	120.49	5.6067	3.0161	1.299	141.29	279	5352	577	211.79	-2965	2968.4	43	34	9	7	1	63.83	88.235	1	0	0	0
0.00081881	0.39574	3.2916e+05	6000	3042	424	0	18	18.833	3.6822	2.6111	0.77754	288.59	20.634	60	25	43.294	9.245	1.9276	3.7396	3.0278	2.4612	0.7285	248.18	339	4906	736	169	-3042	3052.1	47	26	11	4	2	101.69	176.47	1	0	0	0
0.0039235	0.45015	4.6045e+05	6000	3081	450	0	17	16.529	5.2216	2.5294	0.62426	291.19	13.742	53	23	40.312	7.709	0.029757	4.3573	3.2666	2.8599	0.27861	262.65	281	4659	645	181.24	-3081	3092.2	43	26	8	3	1	71.429	127.66	1	0	0	0
0.0019541	0.23788	39629	6000	2965	470	0	9	17.75	12.624	2.8571	2.1157	670	576.99	71	1	32.125	24.486	-7.5026	23.095	4.5356	2.328	1.3884	82.372	142	5360	257	329.44	-2965	2966.1	20	37	3	7	1	92.308	133.33	1	0	0	0
-0.041935	0.42706	2.3346e+05	6000	2926	193	0	16	19.5	5.8424	3.2667	0.96115	277.87	12.772	48	29	41.467	5.7677	-45.835	54.546	4.3895	2.8711	0.7707	204.5	312	4168	622	182.88	-2926	2933.1	49	25	1	5	2	60	86.957	1	0	0	0
0.0053379	0.22968	84120	6000	2896	463	0	18	26.056	2.96	4.6111	1.0922	266.71	5.0715	60	45	52.412	3.9379	-1.83	5.317	1.9814	1.3768	0.20148	245.73	469	4534	891	160.89	-2896	2906.4	83	32	21	6	3	51.724	90.909	1	0	0	0
0.012022	0.68208	6.6554e+05	6000	3016	308	0	15	18.5	5.2733	2.6429	0.63332	385.79	154.31	52	1	38.714	14.678	-181.76	172.53	7.0137	4.2965	1.8526	173.28	259	5401	542	201.07	-3016	3021	37	27	8	3	1	53.097	70.588	1	0	0	0
0.00099009	0.13681	43186	6000	3031	326	0	17	16.75	6.0498	2.25	0.85635	318.88	91.11	48	0	33.125	13.696	3.3267	1.9735	1.473	0.76993	0.34174	199.99	268	5102	530	178.29	-3031	3037.6	36	25	7	4	1	146.34	285.71	1	0	0	0
0.00062947	0.17523	57916	6000	2949	415	0	17	14.706	6.6027	2.4375	1.2633	302	18.063	45	2	29.562	11.117	2.9718	1.4972	1.2071	0.82244	0.23878	286.08	250	4832	473	173.47	-2949	2962.8	39	29	1	5	1	84.507	133.33	1	0	0	0
0.0054653	0.12995	13441	6000	2992	221	0	7	11.667	9.6471	2.3333	1.8619	696.83	679.8	63	0	23.167	24.227	1.8858	2.5869	3.1766	1.0312	1.1495	77.54	70	4181	139	427.43	-2992	2993	14	28	2	6	1	111.11	130.43	1	0	0	0
-0.002836	0.39943	1.7426e+05	6000	2930	465	0	17	21.25	5.3975	2.8125	0.40311	273.38	7.2192	61	30	45.125	9.1132	-29.488	55.042	4.0169	2.4166	0.53485	198.33	340	4374	722	172.35	-2930	2936.7	45	31	11	3	2	56.604	83.333	1	0	0	0
0.036563	0.34008	1.9509e+05	6000	2927	146	0	18	16.444	2.7912	2.8889	1.0786	283.88	6.2338	46	28	34.647	6.3042	-20.374	12.57	3.072	2.0017	0.3459	255.05	296	4826	589	162.61	-2927	2938.1	52	23	13	6	2	48.78	70.588	1	0	0	0
-0.0080072	0.5093	2.9602e+05	6000	3018	250	0	19	15.842	5.4799	2.9474	1.2681	295.44	18.357	55	12	34.778	12.887	-40.256	72.806	5.7219	2.8024	1.5622	159.49	301	5318	626	158.84	-3018	3022.2	56	26	6	5	1	55.556	78.947	1	0	0	0
-0.0010917	0.13394	26653	6000	2980	340	0	15	10.857	5.0361	2.7273	1.1037	357.14	191.52	39	0	21.929	10.011	0.78131	2.6011	1.6974	0.93613	0.39209	159.83	152	5000	307	198.67	-2980	2984.3	30	20	2	4	1	90.909	150	1	0	0	0
0.012323	0.11909	30763	6000	2988	174	0	18	16.222	5.1741	2.5	1.1504	302.29	18.904	43	19	29.412	6.3547	2.3269	1.1134	1.2455	0.77306	0.28326	236.33	292	5139	500	166	-2988	2997.3	45	26	9	4	1	89.552	150	1	0	0	0
-0.0040777	0.095485	9263.2	6000	2928	228	0	6	14.5	8.1425	1.8333	1.169	357.4	145.1	53	14	33.6	18.064	1.5974	1.9803	1.9276	0.84308	0.61239	103.2	87	1787	168	488	-2928	2929.8	11	27	6	4	1	171.43	206.9	1	0	0	0
0.055523	0.59625	4.4625e+05	6000	2977	190	0	18	19.5	4.2875	2.7778	0.80845	297.88	75.313	53	25	38.118	8.2225	-233.16	96.027	5.4443	4.4485	0.81785	234.35	351	5064	648	165.39	-2977	2986.2	50	28	12	4	2	41.958	51.282	1	0	0	0
-0.018991	0.28884	1.3629e+05	6000	3152	459	0	18	21.778	4.1381	2.8333	0.85749	279.18	6.673	52	31	40.353	5.8943	-0.20636	2.7896	3.5484	1.7449	0.7117	164.11	392	4746	686	175.11	-3152	3156.3	51	31	14	5	2	38.71	50.847	1	0	0	0
0.034567	0.26583	91475	6000	2963	243	0	19	13.895	3.6499	4	1.5275	300.67	13.882	41	19	29.944	5.7032	-5.8903	7.0153	2.1676	1.6218	0.34247	294.85	264	5412	539	155.95	-2963	2977.6	76	20	7	6	2	63.158	81.081	1	0	0	0
0.022009	0.38232	2.2477e+05	6000	2913	240	0	18	18.5	5.0322	2.5882	1.1757	297.47	18.689	46	13	35.706	9.7389	-56.676	35.223	3.5243	2.6681	0.71412	227.35	333	5057	607	161.83	-2913	2921.9	44	27	8	5	1	54.054	69.767	1	0	0	0
-0.0027146	0.38714	2.7343e+05	6000	2865	388	0	18	18.722	2.8657	2.6111	0.91644	294.94	18.498	45	28	36.353	4.7029	-66.078	28.766	3.5564	2.9336	0.39387	209.78	337	5014	618	159.17	-2865	2872.7	47	24	14	4	2	54.054	84.507	1	0	0	0
0.0034141	0.19953	36773	6000	2969	402	0	18	18.056	5.1958	2.7778	0.94281	292.47	14.16	55	21	35.706	8.8865	-1.5466	6.9749	2.1706	1.2107	0.37301	160.04	325	4972	607	164.94	-2969	2973.3	50	33	11	5	2	76.923	98.361	1	0	0	0
-0.0018399	0.45471	1.9408e+05	6000	3016	592	0	20	16.55	4.0714	3.75	1.2927	270.32	20.122	45	14	33.316	7.7032	-82.29	29.337	4.2712	3.4013	0.40947	208.28	331	5136	633	150.8	-3016	3023.2	75	24	8	6	2	36.145	42.553	1	0	0	0
-0.002455	0.61216	7.5501e+05	6000	2939	651	0	25	15.56	3.305	3.84	1.106	206.54	4.4816	44	24	33.917	6.0139	-147.29	37.859	5.0016	4.212	0.41181	269.86	389	4957	814	117.56	-2939	2951.4	96	23	10	7	3	30.151	32.609	1	0	0	0
-0.0019546	0.553	4.3277e+05	6000	2973	652	0	24	16.583	3.0348	3.7917	0.72106	211.91	11.556	44	24	34.696	5.7717	-117.14	22.072	4.296	3.8633	0.25372	276.11	398	4874	798	123.88	-2973	2985.8	91	23	11	5	2	30.151	34.884	1	0	0	0
-0.0023921	0.68818	9.4192e+05	6000	2917	644	0	25	14.8	3.0687	3.84	1.0279	208.17	4.5842	44	25	32.5	6.0217	-209.92	46.46	5.5435	4.8018	0.39857	265.69	370	4996	780	116.68	-2917	2929.1	96	21	10	7	3	29.412	31.579	1	0	0	0
-0.000982	0.49694	2.5382e+05	6000	3014	685	0	22	16.409	3.0497	3.8636	1.3556	239.81	17.432	44	21	33.762	6.5185	-95.58	34.732	4.4284	3.573	0.46134	224.14	361	5036	709	137	-3014	3022.3	85	22	11	7	2	28.436	32.609	1	0	0	0
0.00036075	0.91626	9.5452e+05	6000	3017	532	0	20	15.3	2.2734	3.55	0.82558	269.16	16.971	38	29	34.474	2.8938	-536.53	87.864	7.7667	6.8318	0.47031	228.41	306	5114	655	150.85	-3017	3025.6	71	20	11	5	2	46.154	55.046	1	0	0	0
0.00046764	0.93205	1.7507e+06	6000	2998	552	0	25	14.88	1.7397	3.88	0.72572	205.21	3.2834	38	30	35.25	2.8323	-388.59	72.616	6.8624	5.9796	0.43334	292.31	372	4925	846	119.92	-2998	3012.2	97	19	12	6	3	35.294	40.541	1	0	0	0
-1.8626e-05	0.93285	1.3116e+06	6000	2960	583	0	24	15.167	2.2393	4.1667	1.1293	211.48	9.1198	39	30	35.13	3.1378	-436.99	56.416	6.9513	6.3094	0.33256	277.02	364	4864	808	123.33	-2960	2972.9	100	19	12	7	3	36.364	43.478	1	0	0	0
0.00024948	0.85972	1.5052e+06	6000	2904	536	0	25	15	1.7795	3.88	0.66583	205.17	3.0598	38	30	35.25	2.7067	-292.8	55.302	6.0586	5.3574	0.40278	314.65	375	4924	846	116.16	-2904	2921	97	19	12	5	3	37.736	47.244	1	0	0	0
0.00072292	0.93989	1.138e+06	6000	2953	550	0	22	15.273	2.354	4.2727	0.93513	239.71	16.686	38	29	33.81	3.2499	-515.46	77.187	7.3198	6.7292	0.43627	252.72	336	5034	710	134.23	-2953	2963.8	94	20	12	6	3	36.585	41.667	1	0	0	0
-0.00036158	1.2854	1.7181e+06	6000	3024	534	0	20	19.9	2.2455	3.8	1.1517	265.21	16.078	45	34	38.368	2.8908	-337.58	18.465	10.707	10.201	0.26428	220.03	398	5039	729	151.2	-3024	3032	76	24	16	7	2	38.961	45.802	1	0	0	0
-1.1473e-05	1.4481	3.7698e+06	6000	3110	570	0	25	20.2	1.9149	4.08	0.64031	201.92	1.7917	45	34	38.5	2.7505	-351.62	16.222	10.691	10.23	0.25952	272.91	505	4846	924	124.4	-3110	3122	102	24	17	5	3	31.414	35.503	1	0	0	0
0.00013808	1.4071	2.7283e+06	6000	3068	630	0	24	19.792	2.2454	4.375	1.1349	207.74	9.687	45	34	38.87	3.0793	-339.25	15.745	10.589	10.16	0.26663	258.83	475	4778	894	127.83	-3068	3078.9	105	26	16	7	3	30.769	36.364	1	0	0	0
-0.00020999	1.4523	3.896e+06	6000	3067	573	0	25	20.16	2.1733	3.96	0.73485	202.17	2.099	45	34	38.417	2.918	-353.4	12.729	10.53	10.202	0.21993	289.83	504	4852	922	122.68	-3067	3080.7	99	24	16	6	3	38.217	41.958	1	0	0	0
-0.0014912	1.3526	2.0758e+06	6000	2990	590	0	22	19.909	2.091	4.0909	0.81118	234.76	16.831	44	34	38.81	2.7316	-343.6	17.28	10.657	10.221	0.24974	235.51	438	4930	815	135.91	-2990	2999.3	90	24	17	6	3	32.609	35.503	1	0	0	0
-0.0014425	0.48371	2.2514e+05	6000	2941	643	0	20	15.4	3.3309	3.7	1.3018	271.74	18.711	44	22	31.789	6.2768	-104.51	19.292	4.205	3.7339	0.24911	222.49	308	5163	604	147.05	-2941	2949.4	74	23	10	7	2	35.928	43.478	1	0	0	0
-0.0013901	0.58408	6.9499e+05	6000	2950	624	0	25	16	3.0277	3.64	0.56862	207.88	4.8751	44	24	32.583	5.7326	-133.64	27.28	4.6914	4.0484	0.30173	270.67	400	4989	782	118	-2950	2962.4	91	23	11	5	3	32.086	36.364	1	0	0	0
-0.0013785	0.55693	4.3299e+05	6000	2978	688	0	24	15.333	2.582	3.8333	1.0495	214.83	10.949	39	24	31.826	4.9143	-120.93	17.237	4.2634	3.9194	0.21329	276.59	368	4941	732	124.08	-2978	2990.8	92	20	11	6	3	30.612	36.585	1	0	0	0
-0.001498	0.61844	8.0216e+05	6000	2989	604	0	25	15	2.708	3.56	0.65064	209.08	4.481	40	22	31.375	5.3472	-156.3	24.486	4.8554	4.2812	0.24902	282.79	375	5018	753	119.56	-2989	3002.3	89	20	10	5	2	40.268	45.113	1	0	0	0
-0.0008844	0.514	2.7702e+05	6000	2989	612	0	22	15.364	2.7524	3.5	1.1443	240.9	17.504	40	21	32.714	5.9426	-107.23	23.893	4.3284	3.748	0.29658	241.36	338	5059	687	135.86	-2989	2998.7	77	19	10	6	2	32.609	38.71	1	0	0	0
0.00027045	0.83139	7.522e+05	6000	2985	558	0	20	15.95	1.9595	3.8	1.1517	269.26	16.786	37	29	34.421	2.7752	-489.07	45.597	7.0944	6.6318	0.25456	202.03	319	5116	654	149.25	-2985	2991.8	76	19	13	6	2	41.667	47.619	1	0	0	0
0.00039252	0.87944	1.2891e+06	6000	2963	654	0	25	15.64	1.9553	3.8	0.95743	206.04	4.4962	37	29	34.542	2.7343	-417.6	41.604	6.7689	6.2394	0.26941	249.83	391	4945	829	118.52	-2963	2973.5	95	19	13	6	3	29.268	33.149	1	0	0	0
-8.0416e-05	0.88642	1.0891e+06	6000	2971	725	0	24	15.792	1.9106	4.0833	1.018	212.35	9.1632	38	30	34.391	2.7919	-455.37	35.336	6.837	6.4537	0.18395	234.42	379	4884	791	123.79	-2971	2980.2	98	19	14	6	2	28.436	31.25	1	0	0	0
0.00033114	0.85295	1.2258e+06	6000	2988	637	0	25	15.76	2.1071	3.88	0.78102	206.54	5.056	37	29	34.083	3.0205	-382.11	32.047	6.4249	6.0208	0.2072	257.69	394	4957	818	119.52	-2988	2999.1	97	19	13	5	3	32.967	39.216	1	0	0	0
0.0005786	0.88323	9.4234e+05	6000	2980	658	0	22	16.045	1.8121	4.0455	1.3965	240	17.12	37	29	33.524	2.6385	-505.58	39.981	7.1262	6.7371	0.22145	217.94	353	5040	704	135.45	-2980	2988	89	19	14	7	2	31.746	35.088	1	0	0	0
-0.0036182	0.42033	1.7587e+05	6000	3045	816	0	20	17.85	2.4979	3.95	1.2344	268.89	17.556	48	29	35.053	5.0605	-53.602	6.8586	3.1106	2.9148	0.11278	273.13	357	5109	666	152.25	-3045	3057.2	79	23	13	6	2	25.532	24.793	1	0	0	0
-0.0046104	0.43943	3.4783e+05	6000	2983	790	0	25	17.36	2.6122	4.08	1.8466	206.79	4.2424	47	25	34.167	5.1217	-41.39	7.0626	2.9394	2.6977	0.13655	324.64	434	4963	820	119.32	-2983	3000.6	102	21	12	8	1	24.793	25	1	0	0	0
-0.0047423	0.43753	2.53e+05	6000	2931	846	0	24	17.708	3.4196	3.875	1.8013	212	10.023	48	25	34.609	6.3083	-46.458	5.7976	2.9506	2.776	0.10757	311.76	425	4876	796	122.12	-2931	2947.5	93	25	12	7	1	26.201	25.21	1	0	0	0
-0.0043881	0.42995	3.2911e+05	6000	2955	819	0	25	17.6	3.0551	3.12	1.2689	205.71	5.4172	48	25	35.75	5.628	-39.388	4.7552	2.8292	2.6577	0.10079	328.93	440	4937	858	118.2	-2955	2973.3	78	25	12	6	1	24.59	24.291	1	0	0	0
-0.0036066	0.43972	2.1377e+05	6000	3040	809	0	22	16.318	3.1074	2.9545	1.4302	240.81	18.346	41	25	32.333	4.3742	-54.709	8.0993	3.1268	2.9152	0.11879	291.49	359	5057	679	138.18	-3040	3053.9	65	22	10	6	1	25.316	24.896	1	0	0	0
-0.00036556	0.043759	3085.2	6000	2990	459	0	42	25.867	17.264	5.6154	3.4534	103.56	63.772	121	0	40.049	38.783	0.36746	0.44283	0.3532	0.1226	0.10418	485.38	776	4246	1642	71.19	-2990	3029.1	146	58	1	14	1	48.387	45.455	1	0	0	0
-0.00024322	0.041615	5181	6000	3019	464	0	38	25.933	17.859	5.2759	2.8017	115.62	64.223	146	0	40.514	38.216	0.30642	0.29151	0.25925	0.13052	0.079413	655.48	778	4278	1499	79.447	-3019	3089.3	153	73	1	14	1	43.165	44.776	1	0	0	0
-5.1227e-05	0.039485	3288.3	6000	2889	496	0	45	28.457	26.995	5.9375	4.7243	85.318	47.733	300	0	48.455	56.196	0.27774	0.36553	0.30556	0.11667	0.081233	503.25	996	3754	2132	64.2	-2889	2932.5	190	150	1	21	1	42.857	42.254	1	0	0	0
-0.00028707	0.04033	3924.9	6000	2978	530	0	43	23.778	14.864	5.2308	3.2657	109.71	54.199	133	0	29.357	32.35	0.23828	0.26475	0.27555	0.1159	0.08594	566.2	642	4608	1233	69.256	-2978	3031.3	136	64	1	15	1	44.776	40.268	1	0	0	0
-3.9862e-05	0.042884	3831.8	6000	2926	502	0	32	38.64	53.982	7.48	10.79	126.29	69.112	584	0	63.065	104.52	0.46761	0.55156	0.31285	0.13869	0.093239	532.18	966	3915	1955	91.438	-2926	2974	187	285	7	57	2	46.154	45.113	1	0	0	0
0.0039131	0.15266	32473	6000	2952	884	0	20	18.2	6.1524	5.5	1.1002	265.16	16.958	66	27	38.526	13.264	3.3177	0.8226	1.2092	1.0008	0.087668	381.43	364	5038	732	147.6	-2952	2976.5	110	30	12	8	3	25.751	24.896	1	0	0	0
0.0046352	0.17393	80227	6000	2997	817	0	25	18.92	8.1441	5.32	1.5737	201.58	16.798	102	17	39.792	17.027	3.6721	1.1456	1.2242	1.0558	0.089477	446.12	473	4838	955	119.88	-2997	3030	133	47	8	11	2	24.896	24.096	1	0	0	0
0.0045439	0.1648	49319	6000	2988	858	0	25	21.042	7.8932	6.0417	1.2676	195.29	37.503	84	0	41.042	16.47	3.6633	1.2892	1.1403	0.97831	0.19124	454.75	505	4687	985	119.52	-2988	3022.4	145	44	12	9	5	26.201	25	1	0	0	0
0.0043598	0.17365	84458	6000	2930	823	0	26	19.962	6.7911	5.3462	1.4406	189.04	34.257	74	23	42.16	12.202	4.0147	1.2945	1.1988	1.0273	0.21028	452.11	519	4726	1054	112.69	-2930	2964.7	139	36	8	9	3	25.21	24.49	1	0	0	0
0.0038717	0.16508	37323	6000	2974	848	0	23	19.318	8.1322	5.5	1.504	224.23	45.915	78	0	36.591	16.218	3.4123	1.2527	1.2402	1.0405	0.21938	400.86	425	4933	805	129.3	-2974	3000.9	121	41	11	9	3	25.974	25.105	1	0	0	0
-0.00081135	0.25617	69943	6000	3029	548	0	20	18.15	3.9772	3.3	1.1286	267.26	17.707	47	25	36.737	6.1449	0.72779	0.62901	2.0053	1.7568	0.13311	270.96	363	5078	698	151.45	-3029	3041.1	66	27	12	5	1	37.267	42.553	1	0	0	0
-0.00065135	0.26855	1.7568e+05	6000	3079	552	0	25	18.76	4.0955	3.32	1.1804	204.71	4.9474	48	28	36.25	5.7729	1.7951	0.86996	1.8737	1.6463	0.14616	335.98	469	4913	870	123.16	-3079	3097.3	83	28	12	6	1	39.735	45.802	1	0	0	0
-0.0005214	0.26292	1.063e+05	6000	3112	575	0	24	17.167	2.6811	3.3333	1.0901	212.57	9.9216	40	25	33.913	4.166	1.5817	0.78705	1.8992	1.6517	0.1236	312.89	412	4889	780	129.67	-3112	3127.7	80	21	12	5	1	33.708	37.267	1	0	0	0
-0.00069043	0.26548	1.6669e+05	6000	3108	548	0	25	18.08	3.9149	3.4	1.118	206.08	5.3399	49	25	35.25	6.4623	2.0347	0.77457	1.8981	1.6339	0.15666	345.15	452	4946	846	124.32	-3108	3127.1	85	27	12	5	1	37.037	44.776	1	0	0	0
-0.00056355	0.26361	80250	6000	3138	558	0	22	16.864	3.3848	2.9091	1.1088	239.76	17.134	45	25	33.762	5.5399	1.046	0.94997	2.0015	1.7206	0.16058	292.44	371	5035	709	142.64	-3138	3151.6	64	25	12	5	1	43.165	46.875	1	0	0	0
0.00087848	0.017856	310.14	6000	2978	299	0	15	14.25	7.7709	3.8333	1.7495	379.07	9.0423	53	0	26.643	18.653	0.18739	0.23325	0.26096	0.097473	0.08852	169.89	171	5307	373	198.53	-2978	2982.8	46	26	3	7	1	333.33	352.94	1	0	0	0
-0.001113	0.015112	608.72	6000	3005	212	0	13	20.077	7.2164	2.2308	1.0127	403.42	120.96	64	22	36.5	12.34	0.30119	0.11851	0.14257	0.096039	0.023666	298.06	261	4841	438	231.15	-3005	3019.7	29	31	10	4	1	6000	6000	1	0	0	0
0.0024279	0.01303	500.31	6000	3032	161	0	14	14.545	6.2668	1.875	0.64087	379.62	140.99	46	0	22.385	16.855	0.078607	0.13093	0.13073	0.058457	0.04018	310.08	160	4935	291	216.57	-3032	3047.8	15	23	1	3	1	1200	1500	1	0	0	0
0.0011395	0.018148	573.09	6000	2956	244	0	14	15.857	7.4921	2.9231	1.5525	373.69	151.77	47	2	33.692	13.732	0.41753	0.23631	0.19981	0.12734	0.05052	220.01	222	4858	438	211.14	-2956	2964.2	38	28	1	6	1	260.87	400	1	0	0	0
-0.0016295	0.010212	326.04	6000	3030	246	0	12	10.364	6.2333	1.3636	0.50452	473.36	259.63	48	0	22.636	15.115	0.034604	0.041059	0.063679	0.035957	0.019839	500.25	114	5207	249	252.5	-3030	3071	15	20	3	2	1	2000	6000	1	0	0	0
-0.0018447	0.011697	350.67	6000	3024	240	0	12	12.833	6.1914	2.6667	1.3707	418.73	115.37	53	10	25.727	14.185	0.10014	0.14404	0.098614	0.052631	0.027565	387.16	154	4606	283	252	-3024	3048.7	32	23	5	6	1	500	600	1	0	0	0
-0.0021861	0.0082393	232.51	6000	3075	167	0	10	9.3	8.3805	1.9	1.1972	568.44	493.16	62	10	22	16.371	0.027989	0.034254	0.039001	0.022119	0.013712	778.77	93	5116	198	307.5	-3075	3172.1	19	32	4	5	1	3000	0	1	0	0	0
-0.0019119	0.008161	254.79	6000	2936	211	0	10	10.5	8.33	1.625	0.51755	522.56	307.02	43	9	21.444	14.984	0.073407	0.076591	0.068508	0.037663	0.023477	394.05	105	4703	193	293.6	-2936	2962.3	13	24	4	2	1	1000	1500	1	0	0	0
0.00059384	0.0049963	55.078	6000	3002	308	0	20	12.474	8.7963	2.8235	1.8451	273.47	177.98	70	0	24.737	17.584	0.01278	0.01012	0.040012	0.017999	0.0095517	432.33	237	5196	470	150.1	-3002	3033	48	37	1	8	1	600	857.14	1	0	0	0
-0.0029047	0.0104	373.48	6000	3048	179	0	7	13.571	5.5635	2.5	0.83666	651.33	492.53	38	10	26	11.916	0.076894	0.088866	0.1231	0.066247	0.042672	281.79	95	3908	156	435.43	-3048	3061	15	20	6	3	1	1000	1000	1	0	0	0
-0.00051883	0.01299	547.65	6000	2966	273	0	15	12.8	6.6997	1.5	0.65044	377.43	144.33	50	10	29.143	13.62	0.16275	0.12314	0.10821	0.060519	0.027569	334.75	192	5284	408	197.73	-2966	2984.8	21	26	2	3	1	666.67	857.14	1	0	0	0
-0.0042277	0.016652	1326.5	6000	3038	100	0	11	12.455	8.9818	1.4286	0.7868	503.5	203.95	71	12	27.1	17.483	0.063829	0.065451	0.11484	0.083662	0.021504	489.77	137	5035	271	276.18	-3038	3077.2	10	37	4	3	1	666.67	750	1	0	0	0
-0.0068052	0.043934	2912.2	6000	2925	156	0	14	14.308	5.8933	3	1.1282	408.92	114.63	52	2	27.846	13.165	1.2494	0.53786	0.60745	0.33761	0.13969	175.16	186	5316	362	208.93	-2925	2930.2	36	24	8	5	2	285.71	375	1	0	0	0
0.014188	0.02265	7277.1	6000	3042	32	0	11	13.455	6.6085	1.1818	0.40452	420.9	120.7	43	19	27.1	8.9125	0.58068	0.28238	0.16628	0.12627	0.023945	690.11	148	4209	271	276.55	-3042	3119.3	13	27	5	2	1	3000	0	1	0	0	0
0.0044932	0.063346	3393	6000	2955	266	0	14	17.429	7.3872	3.6429	1.2774	402.85	115.65	45	13	33.154	12.28	1.7421	0.72588	0.74566	0.47041	0.20246	165.6	244	5237	431	211.07	-2955	2959.6	51	27	7	6	2	187.5	260.87	1	0	0	0
-0.006219	0.07573	8073.1	6000	2999	142	0	13	18.846	6.7311	1.9231	0.27735	373	7.2739	45	15	32.333	10.057	2.3308	0.64499	0.69407	0.50668	0.15784	218.26	245	4476	388	230.69	-2999	3006.9	25	29	7	2	1	857.14	3000	1	0	0	0
0.0040501	0.066965	5328.7	6000	2971	248	0	15	20.467	5.7801	3.4667	1.3558	364.21	14.466	54	21	40.5	9.436	2.3186	0.76607	0.54006	0.38375	0.1048	257.03	307	5099	567	198.07	-2971	2982.1	52	29	6	6	1	162.16	200	1	0	0	0
-0.0021607	0.089231	8525.1	6000	3056	292	0	13	16.846	5.928	2.75	0.62158	369.17	8.419	50	2	35.583	12.767	2.3502	0.88765	0.76092	0.62337	0.15224	210.68	219	4430	427	235.08	-3056	3063.3	33	23	1	4	2	750	1500	1	0	0	0
-0.00013978	0.011188	250.28	6000	2995	320	0	10	20.4	12.765	2.9	1.3703	575	320.38	75	12	42.778	26.607	0.068351	0.051153	0.072753	0.044915	0.022398	475.41	204	5175	385	299.5	-2995	3032.5	29	36	4	4	1	6000	2000	0	1	0	0
-0.0039353	0.13371	24218	6000	2941	476	0	34	24.706	10.217	5.5	2.2462	125.52	31.338	127	13	50.424	20.131	2.8831	1.3174	0.84121	0.54562	0.19588	526.83	840	4142	1664	86.5	-2941	2987.8	187	64	8	14	2	65.934	64.516	0	1	0	0
0.00089176	0.07792	7837.6	6000	2928	371	0	11	47	11.975	7	1.7321	459.8	118.64	132	63	99.5	25.967	3.273	1.2592	0.72954	0.49345	0.12789	280.11	517	4598	995	266.18	-2928	2941.4	77	62	32	10	4	111.11	103.45	0	1	0	0
0.0012139	0.040483	2878.4	6000	2920	259	0	13	28.308	19.47	3.7692	2.0475	410.58	193.94	116	13	58.083	35.659	0.72209	0.59021	0.26125	0.17508	0.057718	439.53	368	4927	697	224.62	-2920	2952.9	49	63	4	8	1	545.45	600	0	1	0	0
-0.00072685	0.040241	2128.1	6000	2942	259	0	6	16.6	5.1769	3	0	720.2	138.75	32	0	23	13.038	0.85007	0.5855	0.40681	0.213	0.14378	242.82	83	3601	115	490.33	-2942	2952	15	25	12	3	3	461.54	375	0	1	0	0
-0.00047387	0.067987	9710.4	6000	3030	476	0	32	32.125	11.628	6.1935	2.2571	124.58	22.269	89	2	63.032	21.815	1.3207	0.60392	0.6103	0.26606	0.12396	392.62	1028	3862	1954	94.688	-3030	3055.3	192	48	1	10	2	63.83	70.588	0	1	0	0
-0.0035053	0.026298	940.95	6000	3032	399	0	27	22.625	12.573	5.1304	2.9124	187.35	71.702	78	0	41.692	27.444	0.27244	0.28116	0.21155	0.08467	0.05175	416.35	543	4871	1084	112.3	-3032	3060.5	118	39	3	10	1	88.235	89.552	0	1	0	0
0.0025108	0.13149	27878	6000	2917	430	0	36	23.611	11.417	4.0278	2.2231	115.97	35.951	116	10	49.629	22.028	2.806	1.1977	0.73175	0.48239	0.16455	580.32	850	4059	1737	81.028	-2917	2974.2	145	61	3	12	1	61.856	63.83	0	1	0	0
0.0006029	0.056193	7900.2	6000	2914	363	0	35	41.059	28.058	5.7647	4.3489	91.647	36.858	291	0	79.912	58.263	0.96646	0.75102	0.33544	0.16941	0.066447	611.27	1396	3116	2717	83.257	-2914	2977.4	196	135	6	22	1	93.75	83.333	0	1	0	0
0.0016385	0.074799	7686.2	6000	3071	214	0	10	27.556	18.836	3.6667	2.3979	575.67	374.73	110	1	43	36.232	2.0873	1.6617	0.84283	0.40696	0.312	219.25	248	5181	387	307.1	-3071	3078.8	33	58	6	8	1	230.77	214.29	0	1	0	0
-0.016523	0.082697	12432	6000	3007	80	0	9	18.111	4.7288	2.6667	0.86603	529.75	110.89	55	29	41	10.461	3.4326	2.0822	1.136	0.58706	0.33368	195.95	163	4238	328	334.11	-3007	3013.4	24	27	12	4	1	352.94	400	0	1	0	0
0.0088254	0.10057	14775	6000	2966	261	0	32	17.094	8.0135	2.3333	1.1547	149.81	37.184	67	2	34.161	14.967	1.9583	0.96081	0.93152	0.43241	0.2214	304.79	547	4644	1059	92.688	-2966	2981.6	70	33	1	5	1	206.9	214.29	0	1	0	0
0.0049668	0.067751	9510.1	6000	3073	280	0	32	32.844	14.425	5.1613	2.3537	124.39	31.749	115	8	66.871	29.606	1.316	0.63523	0.38497	0.25868	0.08211	606.64	1051	3856	2073	96.031	-3073	3132.3	160	57	2	9	1	181.82	150	0	1	0	0
-0.012532	0.10489	18106	6000	2988	229	0	30	26.167	7.6162	4.2069	1.5441	151.21	10.094	75	31	55.207	10.728	2.0055	0.5522	0.61881	0.47448	0.090263	498.04	785	4385	1601	99.6	-2988	3029.2	122	40	4	8	2	139.53	125	0	1	0	0
-0.008385	0.072558	12990	6000	3034	318	0	33	39.576	19.112	4.9697	2.6159	111.09	31.4	133	10	75.688	35.209	1.493	1.0747	0.35772	0.20985	0.074034	807.62	1306	3555	2422	91.939	-3034	3139.7	164	68	6	11	1	139.53	136.36	0	1	0	0
0.0026026	0.099142	14099	6000	2988	320	0	30	26.9	10.005	3.6552	1.5184	149.62	20.996	78	13	51.655	16.791	2.1474	0.86615	0.55488	0.43211	0.12832	510.19	807	4339	1498	99.6	-2988	3031.2	106	43	4	7	2	139.53	122.45	0	1	0	0
0.00034339	0.039921	2822.2	6000	2929	287	0	32	20.9	11.143	3.1786	1.5647	145.55	33.334	99	1	40.806	23.448	0.7008	0.53622	0.29508	0.15082	0.081304	408.48	627	4512	1265	91.531	-2929	2957.3	89	54	2	8	1	130.43	136.36	0	1	0	0
0.0049668	0.067751	9510.1	6000	3073	280	0	32	32.844	14.425	5.1613	2.3537	124.39	31.749	115	8	66.871	29.606	1.316	0.63523	0.38497	0.25868	0.08211	606.64	1051	3856	2073	96.031	-3073	3132.3	160	57	2	9	1	181.82	150	0	1	0	0
-0.012532	0.10489	18106	6000	2988	229	0	30	26.167	7.6162	4.2069	1.5441	151.21	10.094	75	31	55.207	10.728	2.0055	0.5522	0.61881	0.47448	0.090263	498.04	785	4385	1601	99.6	-2988	3029.2	122	40	4	8	2	139.53	125	0	1	0	0
0.0046956	0.085899	9356.2	6000	3016	369	0	30	18.867	7.157	3.4667	1.1059	164.45	14.194	66	22	41.759	12.109	1.8563	0.74122	0.50515	0.39884	0.060158	458.13	566	4769	1211	100.53	-3016	3050.6	104	32	7	6	2	120	139.53	0	1	0	0
-0.008385	0.072558	12990	6000	3034	318	0	33	39.576	19.112	4.9697	2.6159	111.09	31.4	133	10	75.688	35.209	1.493	1.0747	0.35772	0.20985	0.074034	807.62	1306	3555	2422	91.939	-3034	3139.7	164	68	6	11	1	139.53	136.36	0	1	0	0
0.0057815	0.043638	4283.8	6000	3017	283	0	30	17.423	9.7578	2.64	1.2543	166.24	65.533	70	0	32.207	21.66	0.38759	0.32093	0.35389	0.14747	0.091517	473.99	453	4821	934	100.57	-3017	3054	66	39	1	6	1	666.67	500	0	1	0	0
-0.0066029	0.043608	3802.5	6000	2952	282	0	31	39.774	15.373	5.7667	2.4309	109.93	29.504	123	21	84.4	30.08	0.62518	0.29086	0.21813	0.14471	0.035046	780.93	1233	3298	2532	95.226	-2952	3053.5	173	61	11	10	1	206.9	171.43	0	1	0	0
0.0026026	0.099142	14099	6000	2988	320	0	30	26.9	10.005	3.6552	1.5184	149.62	20.996	78	13	51.655	16.791	2.1474	0.86615	0.55488	0.43211	0.12832	510.19	807	4339	1498	99.6	-2988	3031.2	106	43	4	7	2	139.53	122.45	0	1	0	0
-0.013263	0.063058	8999.9	6000	2995	321	0	33	40.818	18.261	5.9062	2.1606	100.09	26.072	134	12	84.406	35.557	0.9994	0.62914	0.3291	0.20077	0.051419	798.67	1347	3203	2701	90.758	-2995	3099.7	189	74	5	10	1	125	139.53	0	1	0	0
0.00034339	0.039921	2822.2	6000	2929	287	0	32	20.9	11.143	3.1786	1.5647	145.55	33.334	99	1	40.806	23.448	0.7008	0.53622	0.29508	0.15082	0.081304	408.48	627	4512	1265	91.531	-2929	2957.3	89	54	2	8	1	130.43	136.36	0	1	0	0
0.036228	0.10801	48204	6000	3017	270	0	30	10.852	5.4116	2.5926	1.2484	185.07	19.024	54	0	20.172	11.483	1.5643	1.3144	1.4739	0.49745	0.2986	261.28	293	5367	585	100.57	-3017	3028.3	70	28	3	5	1	84.507	113.21	0	1	0	0
-0.022416	0.10019	20227	6000	3027	426	0	31	17.333	9.618	4.25	1.9744	163.97	27.254	98	2	34.167	19.003	0.9968	0.80966	1.3589	0.47367	0.257	244.46	520	4919	1025	97.645	-3027	3036.9	119	49	2	9	1	78.947	72.289	0	1	0	0
0.026328	0.067163	25218	6000	2995	208	0	30	16.862	7.3907	2.8148	1.1448	170.76	17.408	60	2	35.069	13.578	1.4597	0.99547	0.6521	0.27043	0.1425	407.63	489	4952	1017	99.833	-2995	3022.6	76	32	1	5	1	162.16	153.85	0	1	0	0
0.0083925	0.22915	71459	6000	2943	467	0	26	12.458	3.575	2.375	0.92372	205.36	45.417	39	0	23.72	9.4407	-2.1739	7.0492	2.2979	1.1061	0.51506	281.2	299	5134	593	113.19	-2943	2956.4	57	19	7	4	1	92.308	107.14	0	1	0	0
0.0041357	0.24879	87905	6000	2949	471	0	26	22.308	10.491	3.6154	1.7223	182.44	25.585	94	13	45.12	19.558	-0.38531	6.7226	2.1377	1.1713	0.39735	341.51	580	4561	1128	113.42	-2949	2968.7	94	52	5	7	1	81.081	136.36	0	1	0	0
-0.0053032	0.25733	91072	6000	3026	474	0	26	29	9.6042	5	2.1909	168.52	21.678	111	24	58.8	18.448	5.0809	2.006	2.1306	1.2176	0.43122	352.61	754	4213	1470	116.38	-3026	3046.5	130	52	10	10	1	82.192	115.38	0	1	0	0
-0.029063	0.22468	73075	6000	2999	343	0	25	16.16	6.2094	2.84	1.3441	201.33	20.584	63	9	33.292	13.983	1.1953	7.1303	2.0158	0.96892	0.43648	358.21	404	4832	799	119.96	-2999	3020.3	71	28	3	6	1	109.09	133.33	0	1	0	0
-0.00052273	0.17938	43526	6000	2935	465	0	23	16.043	7.871	2.7826	1.5361	223.73	87.508	61	9	33	13.76	1.8199	1.9887	2.0398	0.83354	0.41666	239.99	369	4922	726	127.61	-2935	2944.8	64	32	5	6	1	115.38	153.85	0	1	0	0
0.0019109	0.084002	8406.3	6000	2948	426	0	24	18.083	8.6774	3.4583	1.9995	207.78	33.381	86	14	37.696	18.064	1.4204	1.0034	0.93624	0.40699	0.21419	272.25	434	4779	867	122.83	-2948	2960.5	83	39	5	8	1	74.074	86.957	0	1	0	0
0.029858	0.02078	32095	6000	3033	95	0	25	23.64	8.1029	2.875	1.5965	193.04	57.51	72	22	51.042	14.997	0.48755	0.32235	0.11417	0.077754	0.017101	1658.6	591	4633	1225	121.32	-3033	3456.9	69	36	8	8	1	206.9	206.9	0	1	0	0
-0.0040794	0.020807	3223.2	6000	3036	203	0	27	25.185	12.185	3.9259	2.0367	164.73	39.849	112	12	53.654	22.014	0.15055	0.14057	0.10161	0.069618	0.021057	923.25	680	4283	1395	112.44	-3036	3173.3	106	61	5	10	1	272.73	200	0	1	0	0
-0.0023579	0.055269	3957.8	6000	3098	462	0	28	28.893	11.2	6.6071	2.6575	154.15	36.334	115	19	57	21.498	0.93835	0.41135	0.36571	0.24664	0.072001	533.32	809	4162	1539	110.64	-3098	3143.6	185	58	9	12	2	53.097	66.667	0	1	0	0
0.0056606	0.079294	7433.3	6000	2953	464	0	28	27.444	11.814	4.7037	2.284	159.11	31.769	141	0	53.593	24.558	1.9399	0.82856	0.83957	0.34378	0.18829	284.76	741	4296	1447	105.46	-2953	2966.7	127	71	12	10	1	84.507	92.308	0	1	0	0
-0.016759	0.078899	11717	6000	3033	390	0	29	23.107	11.435	4.3846	2.4179	159.5	42.374	127	0	45.679	23.739	0.78591	0.69891	0.94118	0.34727	0.19997	264.31	647	4466	1279	104.59	-3033	3044.5	114	66	5	13	1	81.081	100	0	1	0	0
-0.0023579	0.055269	3957.8	6000	3098	462	0	28	28.893	11.2	6.6071	2.6575	154.15	36.334	115	19	57	21.498	0.93835	0.41135	0.36571	0.24664	0.072001	533.32	809	4162	1539	110.64	-3098	3143.6	185	58	9	12	2	53.097	66.667	0	1	0	0
0.0006574	0.051071	5372.3	6000	2981	394	0	30	30.345	15.105	6.8214	2.881	136	43.362	141	2	60.414	30.806	0.84413	0.69525	0.28054	0.17406	0.065851	730.31	880	3944	1752	99.367	-2981	3069.2	191	71	1	14	1	55.046	66.667	0	1	0	0
0.0056606	0.079294	7433.3	6000	2953	464	0	28	27.444	11.814	4.7037	2.284	159.11	31.769	141	0	53.593	24.558	1.9399	0.82856	0.83957	0.34378	0.18829	284.76	741	4296	1447	105.46	-2953	2966.7	127	71	12	10	1	84.507	92.308	0	1	0	0
-0.016759	0.078899	11717	6000	3033	390	0	29	23.107	11.435	4.3846	2.4179	159.5	42.374	127	0	45.679	23.739	0.78591	0.69891	0.94118	0.34727	0.19997	264.31	647	4466	1279	104.59	-3033	3044.5	114	66	5	13	1	81.081	100	0	1	0	0
0.0022962	0.027082	7487.8	6000	3094	93	0	15	23.667	5.9362	5.0667	1.7099	336.36	22.853	62	36	51.786	9.9551	0.35534	0.17425	0.1892	0.13886	0.021081	665.3	355	4709	725	206.27	-3094	3164.7	76	32	15	8	2	240	193.55	0	1	0	0
-0.017452	0.016756	11362	6000	3017	105	0	16	13.667	3.3094	3.0714	0.91687	333.2	73.9	38	2	28.467	9.6722	0.014694	0.021174	0.10075	0.072303	0.026845	1183.4	205	4998	427	188.56	-3017	3240.8	43	18	9	5	1	300	333.33	0	1	0	0
0.041634	0.022918	62401	6000	2954	42	0	15	27.333	4.5461	3.25	2.0505	332.57	22.964	67	38	54.857	8.9859	0.91415	0.52372	0.12396	0.092152	0.021578	2038.2	410	4656	768	196.93	-2954	3588.9	39	36	20	8	2	200	181.82	0	1	0	0
-0.0038768	0.12179	21695	6000	3015	494	0	32	33.156	7.8826	6.375	2.028	118	16.561	110	44	68.548	15.405	2.7977	1.0269	0.72196	0.44296	0.12515	600.6	1061	3658	2125	94.219	-3015	3074.2	204	56	24	12	2	40.816	46.512	0	1	0	0
0.012257	0.096789	12566	6000	3034	466	0	36	37.588	14.427	7.2424	2.773	93.429	29.069	142	0	71.857	32.594	2.343	0.94084	0.51854	0.34986	0.12468	695.63	1278	3270	2515	84.278	-3034	3112.7	239	70	1	13	2	58.824	54.054	0	1	0	0
-0.0046316	0.11664	17821	6000	3010	516	0	38	24.667	14.194	4.9062	2.8665	112.14	31.478	181	0	44.432	34.058	1.8958	1.269	0.84431	0.45835	0.22941	463.59	814	4149	1644	79.211	-3010	3045.5	157	81	1	14	1	39.216	43.478	0	1	0	0
0.0094944	0.12828	19610	6000	3016	502	0	34	25.853	10.658	5.5588	2.1629	122.67	24.078	111	21	52.394	20.532	2.4766	1.2159	0.91381	0.5479	0.18878	478.08	879	4048	1729	88.706	-3016	3053.7	189	56	10	10	2	34.286	46.154	0	1	0	0
0.0039966	0.096746	10868	6000	2934	506	0	33	16.625	5.0657	3.8438	1.4393	145.44	24.766	65	1	35.188	11.842	1.6133	0.5374	0.70717	0.4672	0.14041	422.61	532	4654	1126	88.909	-2934	2964.3	123	29	8	7	1	40.268	48.78	0	1	0	0
-0.011453	0.02572	4886.3	6000	2956	134	0	26	15.087	5.3506	2.3636	0.90214	207.12	58.099	46	0	28.16	14.005	0.1769	0.19301	0.20753	0.10628	0.061236	517.61	347	5178	704	113.69	-2956	3001	52	25	4	5	1	352.94	333.33	0	1	0	0
0.020601	0.05981	21784	6000	3056	238	0	25	37.32	10.27	5.25	1.6219	166.79	20.56	104	39	76.125	17.449	1.7621	0.68058	0.36277	0.22566	0.080956	733.64	933	4003	1827	122.24	-3056	3142.8	126	56	19	8	3	82.192	100	0	1	0	0
-0.0093761	0.065784	9756.8	6000	2978	393	0	28	38.692	14.327	5.8846	1.9865	144.41	36.165	124	0	71.333	32.79	1.304	0.58607	0.40965	0.2423	0.092605	573.46	1006	3899	1926	106.36	-2978	3032.7	153	64	5	9	1	60.606	69.767	0	1	0	0
-0.019775	0.035985	14216	6000	2938	147	0	23	21.043	8.1658	3.5652	1.2368	210.82	16.738	72	12	44.818	18.007	0.36015	0.41815	0.35923	0.16328	0.077753	476.15	484	4638	986	127.74	-2938	2976.3	82	32	4	6	1	153.85	150	0	1	0	0
-0.024714	0.086652	24665	6000	2990	171	0	30	18.269	12.886	2.7308	1.6385	166.76	70.613	95	1	33.69	27.492	0.91003	0.94405	0.92999	0.35614	0.24612	302.78	475	4836	977	99.667	-2990	3005.3	71	46	2	8	1	88.235	103.45	0	1	0	0
-0.0052263	0.085246	14435	6000	3015	280	0	35	18.444	11.47	2.7037	1.3816	139.09	68.571	93	0	31.882	24.282	1.0186	1.125	0.75545	0.31095	0.2374	347.26	498	4729	1084	86.143	-3015	3034.9	73	49	2	6	1	75.949	81.081	0	1	0	0
0.0081153	0.034647	3091.1	6000	2972	310	0	26	13.318	6.2289	2	0.92582	215.68	86.264	40	1	22.76	12.673	0.39974	0.3176	0.30061	0.13215	0.060042	430.9	293	5392	569	114.31	-2972	3003.1	44	23	1	4	1	142.86	171.43	0	1	0	0
-0.0050398	0.052393	4957.7	6000	2951	369	0	27	40.704	18.765	6.3333	2.8689	141.19	35.173	134	20	88.346	36.11	0.92527	0.58968	0.28986	0.19808	0.055262	697.67	1099	3671	2297	109.3	-2951	3032.3	171	70	9	13	1	71.429	98.361	0	1	0	0
0.0050045	0.095709	14021	6000	2971	264	0	27	21.63	14.553	3.4615	2.5335	175.96	68.992	137	12	47.538	30.641	1.9256	1.6231	0.78625	0.38532	0.23066	346.26	584	4575	1236	110.04	-2971	2991.1	90	63	5	11	1	101.69	157.89	0	1	0	0
-0.00027629	0.034425	3028.9	6000	2940	376	0	38	19.459	16.338	3.5	2.6349	117.3	63.897	128	0	40.541	34.542	0.29194	0.289	0.26059	0.11907	0.081003	458.23	720	4340	1500	77.368	-2940	2975.5	126	61	3	12	1	103.45	113.21	0	1	0	0
0.013101	0.10333	14695	6000	3029	418	0	31	30.759	17.189	5.3793	3.0404	136.57	51.592	126	0	58.1	34.139	2.0377	1.2294	0.89686	0.47076	0.23147	336.88	892	4097	1743	97.71	-3029	3047.7	156	72	1	11	1	54.054	61.224	0	1	0	0
-0.001763	0.059747	4956.3	6000	3085	336	0	27	13.519	8.5816	2.1667	1.3077	201.12	19.267	64	5	27.269	14.298	0.82871	0.46642	1.0087	0.24968	0.17981	156.58	365	5229	709	114.26	-3085	3089	52	36	1	6	1	166.67	240	0	1	0	0
-0.013884	0.075704	10963	6000	2960	244	0	26	15.462	6.048	2.3077	0.97033	203.8	29.179	54	12	31.76	10.917	1.2418	0.93556	0.58523	0.31781	0.13684	404.49	402	5095	794	113.85	-2960	2987.5	60	30	6	5	1	86.957	133.33	0	1	0	0
-0.0036421	0.091044	10474	6000	2949	347	0	25	18.56	6.3448	3.6	1.6583	202.96	52.417	60	18	38.458	12.552	1.5391	0.96326	1.1997	0.41951	0.24517	207.71	464	4871	923	117.96	-2949	2956.3	90	30	6	6	1	80	113.21	0	1	0	0
0.0066985	0.062866	4831.7	6000	2960	392	0	28	18.071	8.5111	3.9259	1.859	176.81	42.493	77	2	38.815	17.278	0.96936	0.80776	0.73683	0.28981	0.16433	249.1	506	4774	1048	105.71	-2960	2970.5	106	40	1	9	1	71.429	89.552	0	1	0	0
-0.0035089	0.13974	21125	6000	2966	534	0	32	23.938	12.094	5.2258	2.9179	134.19	35.368	116	8	49.29	25.691	1.8395	1.2825	1.5024	0.63298	0.28285	279.44	766	4160	1528	92.688	-2966	2979.1	162	53	1	14	1	38.217	44.118	0	1	0	0
-0.003304	0.064996	5798.5	6000	2989	425	0	36	24.286	14.089	4.1714	2.2555	121.71	36.977	95	0	48.457	28.402	1.2634	0.64607	0.49854	0.27934	0.10883	445.2	850	4260	1696	83.028	-2989	3022	146	47	1	10	1	95.238	95.238	0	1	0	0
0.0060322	0.11324	14545	6000	2976	554	0	32	18.355	5.9304	4.4516	1.859	149.58	16.095	68	0	36.742	13.287	1.7338	0.80361	0.9901	0.5092	0.21744	353.46	569	4637	1139	93	-2976	2996.9	138	33	7	10	2	36.81	44.118	0	1	0	0
-0.018513	0.099014	19541	6000	2989	284	0	31	21.903	9.2172	3.2	1.2972	147.67	17.097	75	2	43	17.074	2.0993	0.91242	0.77724	0.41961	0.19446	439.49	679	4430	1290	96.419	-2989	3021.1	96	38	1	6	1	60.606	68.182	0	1	0	0
0.013856	0.093771	16987	6000	3032	374	0	48	17.044	9.9771	3.0444	1.8703	91.83	37.336	108	0	34.723	21.851	1.0188	0.85169	0.6421	0.3405	0.21899	463.13	767	4316	1632	63.167	-3032	3067.2	137	50	3	9	1	42.553	49.587	0	1	0	0
0.0088276	0.034297	4836.1	6000	3011	225	0	32	15.143	9.5013	2.6429	1.6603	156.61	52.827	88	0	27.903	20.582	0.4138	0.2939	0.3204	0.14508	0.085347	386.38	424	4855	865	94.094	-3011	3035.7	74	45	2	7	1	133.33	139.53	0	1	0	0
-0.027504	0.029823	27241	6000	3017	112	0	30	13.567	7.6189	2.5	1.4011	166.66	43.62	85	2	28.655	15.69	0.10435	0.10255	0.27227	0.15647	0.06336	701.94	407	4833	831	100.57	-3017	3097.6	70	42	1	6	1	200	250	0	1	0	0
0.02009	0.074847	18959	6000	3077	309	0	29	33.379	9.2868	5.8966	2.5262	125.68	19.524	99	31	69.571	18.516	2.0019	0.71915	0.52295	0.29073	0.085106	572.22	968	3519	1948	106.1	-3077	3129.8	171	50	12	11	1	44.118	52.632	0	1	0	0
-0.0039752	0.098311	17272	6000	2995	441	0	35	27.938	20.489	4.0938	3.1352	117.26	48.424	137	0	51.529	40.978	1.5763	1.5895	0.74275	0.33435	0.20684	411.6	894	3987	1752	85.571	-2995	3023.2	131	74	3	11	1	63.83	66.667	0	0	1	0
-0.00040801	0.092933	11806	6000	2946	447	0	34	34.394	27.04	6.125	3.4054	108.73	35.14	263	8	72.182	54.623	1.9068	2.1385	0.68992	0.25032	0.1848	419.79	1135	3588	2382	86.647	-2946	2975.8	196	126	4	16	1	65.217	67.416	0	0	1	0
-0.0040245	0.088261	11721	6000	3019	459	0	34	43.364	36.988	7.697	7.2521	91.848	36.043	340	0	85.152	73.194	1.6584	1.1635	0.63501	0.29809	0.152	467.58	1431	3031	2810	88.794	-3019	3055	254	168	3	34	1	53.571	49.18	0	0	1	0
0.0060811	0.092015	13581	6000	2983	469	0	38	37.545	22.098	6.6061	4.2862	91.784	35.205	238	1	68.162	48.355	1.9073	1.3292	0.64374	0.30035	0.16341	519.9	1239	3396	2522	78.5	-2983	3028	218	118	7	21	2	48.387	49.587	0	0	1	0
0.0071955	0.13109	29202	6000	3058	394	0	36	32.788	11.939	5.7879	2.5095	109.57	36.793	131	0	58.943	29.196	2.7566	1.5593	0.97126	0.45178	0.21282	477.24	1082	3835	2063	84.944	-3058	3095	191	69	12	10	1	56.075	58.252	0	0	1	0
-0.0061876	0.07607	7830.3	6000	3061	420	0	33	29.875	11.339	5.0312	2.1625	124.22	49.516	105	0	58.656	25.425	1.2103	0.99389	0.59644	0.24005	0.13832	449.37	956	3975	1877	92.758	-3061	3093.8	161	51	4	10	1	66.667	74.074	0	0	1	0
-0.010019	0.041615	3945	6000	2987	293	0	32	20.571	14.505	4.2593	2.4431	148.45	62.322	106	0	38.548	30.59	0.39184	0.48876	0.46559	0.15133	0.10863	300.49	576	4602	1195	93.344	-2987	3002.1	115	53	1	9	1	83.333	85.714	0	0	1	0
-0.0028636	0.034895	1425.7	6000	3017	306	0	18	13.714	8.4528	3.1538	1.6251	297.88	152.71	46	0	20.706	17.349	0.50133	0.57672	0.60483	0.16223	0.14603	163.58	192	5064	352	167.61	-3017	3021.4	41	27	1	6	1	150	127.66	0	0	1	0
0.0040892	0.060376	5594.3	6000	2950	319	0	35	27.971	13.553	4.1714	2.3198	110.41	29.698	116	18	60.765	27.048	0.92045	0.52277	0.44423	0.20703	0.080138	493.28	979	3754	2066	84.286	-2950	2991	146	60	7	10	1	127.66	111.11	0	0	1	0
-0.0020484	0.094732	12751	6000	2947	294	0	35	20.848	8.8956	2.7273	1.3293	133.35	30.93	74	1	38	18.942	1.4257	0.96971	0.98608	0.35017	0.27507	264.95	688	4534	1292	84.2	-2947	2958.9	90	39	2	6	1	176.47	193.55	0	0	1	0
-0.0062441	0.030104	1775.5	6000	3028	457	0	38	35.053	22.053	6.7368	4.0848	88.514	31.911	151	13	68.541	42.541	0.24222	0.19685	0.23748	0.10385	0.047123	510.3	1332	3275	2536	79.684	-3028	3070.7	256	81	5	16	1	61.856	61.224	0	0	1	0
-0.0076033	0.030698	2708.3	6000	2907	369	0	34	21.235	12.73	4.3529	2.5212	134.7	55.903	102	5	41.273	23.271	0.27511	0.34578	0.28013	0.099263	0.061685	445.97	722	4445	1362	85.5	-2907	2941	148	54	2	9	1	74.074	75.949	0	0	1	0
-0.0035562	0.030761	1593	6000	3025	437	0	37	32.361	21.336	6.5	4.1286	93.778	34.675	141	0	63.139	42.468	0.23423	0.25774	0.28581	0.097705	0.061926	402.83	1165	3376	2273	81.757	-3025	3051.7	221	75	1	17	1	58.252	62.5	0	0	1	0
-0.018757	0.033463	12666	6000	2990	293	0	38	24.515	20.244	4.7273	3.6424	114.78	49.455	172	0	45.405	42.876	0.097126	0.13374	0.40692	0.11446	0.06912	391.17	809	4247	1680	78.684	-2990	3015.5	156	79	2	15	1	74.074	74.074	0	0	1	0
-0.0098138	0.03354	4051.2	6000	3022	317	0	36	33.844	32.816	5.931	5.1265	104.91	47.778	311	0	63.343	65.455	0.19947	0.21351	0.22785	0.10386	0.053537	629.44	1083	3672	2217	83.944	-3022	3086.9	172	159	2	23	1	115.38	89.552	0	0	1	0
0.0050173	0.039587	2576.3	6000	2970	297	0	32	25.889	19.696	4.1111	2.7503	137.35	69.841	176	0	47.419	43.296	0.46623	0.51655	0.2689	0.12673	0.081096	526.8	699	4258	1470	92.812	-2970	3016.4	111	79	3	12	1	107.14	101.69	0	0	1	0
0.021101	0.036463	16592	6000	3011	193	0	31	18.467	12.317	2.6154	1.5252	160.37	110.88	95	1	38.833	26.369	0.67415	0.44153	0.24917	0.12705	0.056161	747.59	554	4811	1165	97.129	-3011	3102.4	68	43	1	7	1	300	285.71	0	0	1	0
0.016761	0.025045	10115	6000	3001	240	0	34	37.333	29.147	5.8333	4.7203	105.97	44.634	307	0	74.364	57.73	0.45606	0.30845	0.18086	0.076574	0.037287	791.87	1232	3497	2454	88.265	-3001	3103.7	175	157	5	26	1	90.909	93.75	0	0	1	0
0.010773	0.026908	4187.1	6000	2986	345	0	41	27.789	20.375	5.9429	3.4037	95.625	41.857	192	0	53.425	43.16	0.28823	0.22021	0.15768	0.089498	0.04413	795.02	1056	3825	2137	72.829	-2986	3090	208	91	1	15	1	52.632	61.856	0	0	1	0
0.0025733	0.023824	759.37	6000	2971	456	0	36	18.933	14.727	3.5862	2.7192	132.46	76.79	110	0	33.514	30.124	0.27391	0.26599	0.23424	0.089468	0.060578	341.69	568	4636	1173	82.528	-2971	2990.6	104	53	1	11	1	105.26	105.26	0	0	1	0
-0.0057823	0.050715	3536.1	6000	2968	433	0	30	37.034	21.477	6.6207	4.3377	128.83	35.008	207	0	71.828	44.47	0.6981	0.48366	0.39855	0.19322	0.090932	457.85	1074	3736	2083	98.933	-2968	3003.1	192	104	2	22	1	62.5	66.667	0	0	1	0
-0.010257	0.038123	4004	6000	2995	410	0	33	19.3	15.132	4.5	3.3971	142.66	56.15	101	0	35.969	31.825	0.2128	0.21953	0.37241	0.14012	0.07643	412.89	579	4565	1151	90.758	-2995	3023.3	117	50	1	12	1	68.966	66.667	0	0	1	0
-0.0051156	0.037984	2379.5	6000	2966	373	0	28	22.2	15.864	4.7619	2.7001	172.44	90.518	126	0	41.481	35.206	0.36053	0.44089	0.27188	0.12343	0.072397	516.94	555	4656	1120	105.93	-2966	3010.7	100	59	1	10	1	101.69	107.14	0	0	1	0
-0.026806	0.037134	25868	6000	2971	230	0	32	41.484	23.848	6.0357	3.3276	107.9	36.175	184	0	82.161	50.387	0.21451	0.24499	0.32917	0.14777	0.064891	636.02	1286	3345	2547	92.844	-2971	3038.3	169	86	1	12	1	65.217	61.856	0	0	1	0
0.019602	0.029674	13833	6000	2968	240	0	39	23.8	15.867	4.4688	2.3416	111.08	44.866	119	0	43.711	33.476	0.452	0.3606	0.33213	0.11835	0.075254	464.48	833	4221	1661	76.103	-2968	3004.1	143	61	1	10	1	58.824	65.217	0	0	1	0
0.012125	0.027699	5329.7	6000	2994	310	0	33	34.182	18.624	4.6562	2.4178	114.78	40.535	126	2	68.75	36.288	0.52443	0.34169	0.1738	0.091584	0.042791	713.27	1128	3673	2200	90.727	-2994	3077.8	149	65	1	10	1	150	115.38	0	0	1	0
-0.020492	0.025725	15126	6000	2985	198	0	29	10.958	7.262	2.1818	1.4683	189.5	107.37	63	0	19.893	14.766	0.16162	0.21838	0.28453	0.092131	0.059148	548.99	263	5306	557	102.93	-2985	3035.1	48	35	2	7	1	101.69	109.09	0	0	1	0
0.0058527	0.026464	1447.6	6000	3002	400	0	44	22.611	18.198	4.871	3.7571	98.814	48.016	141	0	37.721	36.677	0.19003	0.21589	0.27589	0.071646	0.061697	385.46	814	4249	1622	68.227	-3002	3026.6	151	74	1	14	1	71.429	82.192	0	0	1	0
0.056175	0.021636	1.136e+05	6000	3013	39	0	32	29.231	22.981	2.1667	0.70711	140	64.376	157	0	50.161	48.295	1.0872	1.0527	0.16813	0.1048	0.02939	2034.1	760	4340	1555	94.156	-3013	3635.3	39	74	3	4	1	111.11	101.69	0	0	1	0
0.0036867	0.029338	1697	6000	3033	428	0	31	19.621	12.178	4.2857	2.1406	151.43	63.592	110	2	38.133	24.861	0.31669	0.27379	0.31708	0.11598	0.071945	339.58	569	4543	1144	97.839	-3033	3052	120	55	3	9	1	82.192	80	0	0	1	0
0.0052824	0.020019	1185.7	6000	3027	352	0	29	13.808	10.929	3.5417	2.5872	174.89	67.03	112	0	26.214	23.671	0.13432	0.14717	0.22677	0.073232	0.053357	351.94	359	4897	734	104.38	-3027	3047.4	85	55	1	14	1	100	92.308	0	0	1	0
-0.0073266	0.034163	2449.1	6000	3063	387	0	32	37.533	24.614	6.7586	3.612	120.35	42.354	172	1	73.032	47.841	0.33694	0.28628	0.19388	0.11426	0.042503	732.98	1126	3731	2264	95.719	-3063	3149.5	196	95	4	14	1	78.947	76.923	0	0	1	0
-2.0987e-06	0.032607	1512.5	6000	2964	395	0	41	18.895	15.314	3.5714	2.3045	107.8	45.025	109	0	35.8	31.031	0.29441	0.31566	0.26084	0.095457	0.055934	483.95	718	4312	1432	72.293	-2964	3003.2	125	55	1	9	1	101.69	95.238	0	0	1	0
0.0028883	0.02948	1504.4	6000	2954	325	0	27	23.348	15.198	3.0455	1.7587	158.96	82.412	128	0	40.462	33.331	0.24367	0.25896	0.20036	0.083386	0.049127	535.74	537	4133	1052	109.41	-2954	3002.2	67	68	5	7	1	285.71	428.57	0	0	1	0
0.00087778	0.022023	767.33	6000	2992	336	0	25	16.591	13.164	2.4762	2.2499	175.42	98.618	110	0	29.958	26.635	0.10446	0.12057	0.12769	0.0691	0.034717	616.63	365	4210	719	119.68	-2992	3054.9	52	55	1	10	1	400	600	0	0	1	0
-0.015214	0.040329	8520.7	6000	3021	253	0	25	23.68	11.32	3.36	2.1385	191.29	78.288	108	10	50.792	25.124	0.25715	0.2261	0.41258	0.18677	0.092901	371.37	592	4591	1219	120.84	-3021	3043.7	84	46	3	8	1	142.86	136.36	0	0	1	0
-0.0074405	0.047148	3708.3	6000	2987	350	0	22	27.524	11.78	5.0952	2.0953	219.05	171.15	114	0	54.857	27.57	0.52996	0.48538	0.38668	0.21865	0.10889	423.79	578	4600	1152	135.77	-2987	3016.9	107	49	6	11	2	93.75	93.75	0	0	1	0
-0.0041868	0.056546	4201.9	6000	2942	380	0	29	22.667	16.791	3.88	2.5384	160.64	64.329	125	0	41.714	32.323	0.91679	0.86513	0.71439	0.21724	0.16498	268.96	612	4498	1168	101.45	-2942	2954.3	97	71	1	9	1	86.957	93.75	0	0	1	0
-0.024634	0.10119	24071	6000	3011	346	0	29	20.591	16.851	3.8636	2.5316	177.32	84.622	137	0	32.643	34.632	1.1157	1.2288	1.2154	0.4316	0.27809	307.11	453	4965	914	103.83	-3011	3026.6	85	68	3	9	1	56.604	58.252	0	0	1	0
0.017467	0.070869	13378	6000	2955	384	0	32	25.037	16.885	4.8	3.3166	144.39	66.932	138	0	41.419	33.515	1.046	1.0056	0.65033	0.2435	0.17986	429.49	676	4476	1284	92.344	-2955	2986	120	68	1	16	1	69.767	72.289	0	0	1	0
0.0021652	0.080171	8525.3	6000	2986	412	0	28	19.269	14.296	3.9565	3.1548	171.26	67.077	122	1	38.667	29.45	1.2304	1.04	0.88213	0.34862	0.22422	288.14	501	4624	1044	106.64	-2986	2999.9	91	54	1	14	1	85.714	92.308	0	0	1	0
-0.0095144	0.09317	11614	6000	2961	415	0	30	32.654	18.476	5.8846	2.833	141.1	56.856	192	0	56.966	41.02	1.4714	1.2123	0.88962	0.36698	0.23289	359.8	849	4092	1652	98.7	-2961	2982.8	153	96	5	15	1	53.571	58.824	0	0	1	0
-0.0086597	0.075702	8637.3	6000	2927	364	0	27	15.727	10.593	2.95	1.9861	196.69	64.583	96	0	25.923	24.329	1.0589	0.95608	1.0039	0.27737	0.21455	260.03	346	5114	674	108.41	-2927	2938.5	59	43	1	7	1	88.235	78.947	0	0	1	0
0.0091864	0.095426	11037	6000	2963	459	0	33	23.179	15.3	5.25	3.0015	130.84	49.203	100	0	40.125	31.55	1.4389	1.4072	1.0615	0.3493	0.24055	307.61	649	4187	1284	89.788	-2963	2978.9	147	51	3	11	1	57.143	60.606	0	0	1	0
-0.0042284	0.075892	8956.8	6000	3000	379	0	31	23.179	16.481	4.3571	3.0088	146.37	65.57	138	0	44.067	34.144	0.97214	1.0054	0.76346	0.28454	0.18747	355.54	649	4391	1322	96.774	-3000	3021	122	76	6	14	1	68.966	75	0	0	1	0
-0.023684	0.067365	20621	6000	2955	381	0	33	33.625	28.55	5.9667	4.3981	111.09	59.238	254	0	70.688	60.097	0.555	0.66327	0.58974	0.25136	0.13804	461.73	1076	3555	2262	89.545	-2955	2990.9	179	118	5	18	1	65.217	70.588	0	0	1	0
0.008456	0.082333	8260.3	6000	3013	463	0	36	28.529	18.426	6.3226	3.5061	114.51	56.298	150	0	54.914	35.757	1.6632	1.1245	0.72161	0.28281	0.15996	416.13	970	4008	1922	83.694	-3013	3041.6	196	77	1	15	1	45.113	48	0	0	1	0
-0.0082621	0.041113	3618.6	6000	3026	326	0	33	28.839	18.788	4.3571	2.6696	129.25	53.986	134	0	52.531	35.854	0.50426	0.43421	0.27926	0.13256	0.064916	613.3	894	4136	1681	91.697	-3026	3087.5	122	80	2	10	1	133.33	125	0	0	1	0
-0.001518	0.1094	15521	6000	2968	403	0	28	30.929	17.971	6.2143	3.862	153	54.541	174	13	64.778	36.95	1.6759	1.1029	0.87605	0.41743	0.17985	451.9	866	4131	1749	106	-2968	3002.2	174	82	7	14	1	54.054	60	0	0	1	0
0.0017549	0.12872	18310	6000	3037	478	0	33	20.481	12.476	4.2593	2.9299	149.56	59.472	89	0	34.438	27.191	1.7964	1.4247	1.3346	0.51206	0.37803	311.68	553	4786	1102	92.03	-3037	3053	115	45	3	10	1	48	49.587	0	0	1	0
0.0035984	0.10083	13417	6000	2952	460	0	37	23.944	19.505	5.0606	3.4181	114.67	51.233	153	1	48.917	39.298	1.847	1.2997	0.78251	0.36519	0.18096	458.82	862	4128	1761	79.784	-2952	2987.4	167	83	1	16	1	56.075	54.054	0	0	1	0
0.0020686	0.078158	7379	6000	3009	448	0	33	26.067	17.449	5.1034	2.7038	131.69	54.622	152	0	47.594	35.851	1.421	1.1721	0.77812	0.28075	0.16877	367.07	782	4214	1523	91.182	-3009	3031.3	148	71	3	12	1	60	56.604	0	0	1	0
0.0011471	0.077135	7386.4	6000	2950	453	0	36	27.294	19.706	5.4848	3.2894	112.31	65.42	169	0	51.543	40.376	1.3462	1.3556	0.61299	0.25002	0.15528	480.94	928	3931	1804	81.944	-2950	2988.9	181	81	1	12	1	54.054	56.604	0	0	1	0
-0.015731	0.07147	12121	6000	3021	381	0	30	48.37	32.76	7.5185	5.4446	110.62	52.21	318	0	85.793	71.16	1.4114	1.0372	0.65029	0.24985	0.13773	461.64	1306	3208	2488	100.7	-3021	3056.1	203	162	2	26	1	52.632	56.604	0	0	1	0
-0.029527	0.077206	31523	6000	2930	283	0	30	24.846	12.253	4.5	2.4495	159.21	105.01	89	0	42.724	27.746	0.7915	0.75371	0.79889	0.28797	0.21434	399.77	646	4617	1239	97.667	-2930	2957.1	108	48	3	10	1	73.171	70.588	0	0	1	0
0.0093741	0.03945	3783.8	6000	3015	432	0	30	20.385	17.165	4.76	3.3576	167.55	46.072	159	0	37.241	34.497	0.61836	0.56891	0.34903	0.13864	0.089304	459.38	530	4859	1080	100.5	-3015	3049.8	119	82	1	14	1	71.429	82.192	0	0	1	0
0.012224	0.053691	6666	6000	2957	404	0	32	45.806	23.987	8.1	4.1135	97.29	40.19	177	1	93.71	47.219	1.2941	0.78867	0.39401	0.19265	0.10454	525.12	1420	3016	2905	92.406	-2957	3003.3	243	88	1	19	1	53.571	56.075	0	0	1	0
0.0049402	0.036426	1957.6	6000	3008	436	0	29	29.333	19.155	5.9615	4.0643	153.57	54.26	171	1	54.536	38.977	0.63676	0.58363	0.34971	0.12896	0.071318	403.67	792	4300	1527	103.72	-3008	3035	155	86	1	16	1	75	86.957	0	0	1	0
-0.002493	0.06645	5612.9	6000	3005	510	0	31	30.5	21.614	6.5667	4.8472	137.93	56.044	223	1	58.6	43.642	1.1053	0.83607	0.70193	0.25241	0.14943	357.07	915	4138	1758	96.935	-3005	3026.1	197	109	7	24	1	50.42	49.18	0	0	1	0
0.0068157	0.085554	8645.9	6000	3039	458	0	33	18.645	14.481	3.9	2.7836	152.25	71.56	115	0	34.625	27.031	1.2252	0.88364	1.2445	0.34312	0.25143	224.75	578	4872	1108	92.091	-3039	3047.3	117	62	1	12	1	48.78	50.42	0	0	1	0
-0.0071705	0.092828	10566	6000	2983	505	0	31	43.357	34.474	8.5357	6.3039	116.13	42.472	374	0	83.167	71.244	1.7789	1.4746	1.0846	0.34561	0.2176	306.99	1214	3484	2495	96.226	-2983	2998.8	239	184	11	34	1	46.154	51.282	0	0	1	0
0.0053483	0.088039	9178.8	6000	3004	400	0	31	15.821	11.521	2.5714	1.6427	166.4	93.947	101	0	30.7	24.481	1.0329	0.97716	1.0501	0.37783	0.26137	266.87	443	4992	921	96.903	-3004	3015.8	72	49	5	6	1	75	77.922	0	0	1	0
-0.01535	0.1008	17664	6000	3055	384	0	36	32.242	31.922	5.3548	5.4745	108.77	61.693	333	2	61.114	64.422	1.9687	1.8666	0.79867	0.29979	0.17735	490.36	1064	3807	2139	84.861	-3055	3094.1	166	155	1	27	1	73.171	63.158	0	0	1	0
0.0019497	0.078485	7816	6000	2979	402	0	26	13.125	8.179	2.7826	1.5654	205.92	41.531	55	0	25.04	16.374	1.0527	0.80911	1.096	0.31405	0.22416	240.93	315	5148	626	114.58	-2979	2988.7	64	31	2	6	1	70.588	75	0	0	1	0
-0.0011973	0.076852	8386.3	6000	3057	374	0	25	19.318	11.458	3.0476	2.0851	214.17	116.76	92	1	32.333	23.192	1.4089	1.0793	0.67045	0.30382	0.18592	387.24	425	5140	776	122.28	-3057	3081.4	64	46	2	9	1	107.14	101.69	0	0	1	0
-0.011159	0.061458	7316.3	6000	3047	307	0	29	18.571	12.503	3.037	1.6752	171	60.898	77	0	33.714	21.753	0.65842	1.0605	0.4363	0.21706	0.1133	470.16	520	4788	944	105.07	-3047	3083.1	82	57	1	8	1	171.43	142.86	0	0	1	0
-0.024634	0.10119	24071	6000	3011	346	0	29	20.591	16.851	3.8636	2.5316	177.32	84.622	137	0	32.643	34.632	1.1157	1.2288	1.2154	0.4316	0.27809	307.11	453	4965	914	103.83	-3011	3026.6	85	68	3	9	1	56.604	58.252	0	0	1	0
0.017467	0.070869	13378	6000	2955	384	0	32	25.037	16.885	4.8	3.3166	144.39	66.932	138	0	41.419	33.515	1.046	1.0056	0.65033	0.2435	0.17986	429.49	676	4476	1284	92.344	-2955	2986	120	68	1	16	1	69.767	72.289	0	0	1	0
-0.004357	0.090678	10009	6000	3015	439	0	28	31.154	15.622	5.84	2.8237	156.85	72.595	120	0	57.963	35.35	1.7505	1.153	0.79942	0.38684	0.20006	384.61	810	4235	1565	107.68	-3015	3039.4	146	59	2	11	1	61.224	60.606	0	0	1	0
0.0021652	0.080171	8525.3	6000	2986	412	0	28	19.269	14.296	3.9565	3.1548	171.26	67.077	122	1	38.667	29.45	1.2304	1.04	0.88213	0.34862	0.22422	288.14	501	4624	1044	106.64	-2986	2999.9	91	54	1	14	1	85.714	92.308	0	0	1	0
-0.0095144	0.09317	11614	6000	2961	415	0	30	32.654	18.476	5.8846	2.833	141.1	56.856	192	0	56.966	41.02	1.4714	1.2123	0.88962	0.36698	0.23289	359.8	849	4092	1652	98.7	-2961	2982.8	153	96	5	15	1	53.571	58.824	0	0	1	0
-0.0037922	0.076689	7257.8	6000	3064	459	0	38	24	15.545	4.7941	3.5657	111.22	42.964	137	0	44.216	33.222	1.1315	0.94896	1.0711	0.28794	0.20437	242.66	840	4115	1636	80.632	-3064	3073.6	163	65	3	15	1	54.545	63.158	0	0	1	0
0.0091864	0.095426	11037	6000	2963	459	0	33	23.179	15.3	5.25	3.0015	130.84	49.203	100	0	40.125	31.55	1.4389	1.4072	1.0615	0.3493	0.24055	307.61	649	4187	1284	89.788	-2963	2978.9	147	51	3	11	1	57.143	60.606	0	0	1	0
-0.0042284	0.075892	8956.8	6000	3000	379	0	31	23.179	16.481	4.3571	3.0088	146.37	65.57	138	0	44.067	34.144	0.97214	1.0054	0.76346	0.28454	0.18747	355.54	649	4391	1322	96.774	-3000	3021	122	76	6	14	1	68.966	75	0	0	1	0
0.008456	0.082333	8260.3	6000	3013	463	0	36	28.529	18.426	6.3226	3.5061	114.51	56.298	150	0	54.914	35.757	1.6632	1.1245	0.72161	0.28281	0.15996	416.13	970	4008	1922	83.694	-3013	3041.6	196	77	1	15	1	45.113	48	0	0	1	0
0.0044481	0.1242	18596	6000	3016	433	0	27	27.75	15.275	4.7391	3.3469	176.38	43.201	120	0	48.192	33.354	2.4029	1.5427	1.2786	0.55211	0.32333	300.58	666	4586	1253	111.7	-3016	3030.9	109	58	1	12	1	64.516	65.934	0	0	1	0
-0.001518	0.1094	15521	6000	2968	403	0	28	30.929	17.971	6.2143	3.862	153	54.541	174	13	64.778	36.95	1.6759	1.1029	0.87605	0.41743	0.17985	451.9	866	4131	1749	106	-2968	3002.2	174	82	7	14	1	54.054	60	0	0	1	0
0.0085155	0.10619	15260	6000	2962	436	0	28	28.143	13.523	4.9286	2.8665	160.48	52.569	117	6	56.963	28.256	2.9896	1.3294	0.85315	0.47644	0.20226	412.48	788	4333	1538	105.79	-2962	2990.6	138	55	3	11	1	68.182	73.171	0	0	1	0
-0.0018362	0.10102	11888	6000	3021	518	0	29	36.556	17.866	7.8519	3.718	138.43	37.741	169	0	69.429	39.75	2.2813	1.1553	1.0298	0.41558	0.22017	353.45	987	3876	1944	104.17	-3021	3041.6	212	89	8	14	1	44.118	44.776	0	0	1	0
0.0035984	0.10083	13417	6000	2952	460	0	37	23.944	19.505	5.0606	3.4181	114.67	51.233	153	1	48.917	39.298	1.847	1.2997	0.78251	0.36519	0.18096	458.82	862	4128	1761	79.784	-2952	2987.4	167	83	1	16	1	56.075	54.054	0	0	1	0
0.0011471	0.077135	7386.4	6000	2950	453	0	36	27.294	19.706	5.4848	3.2894	112.31	65.42	169	0	51.543	40.376	1.3462	1.3556	0.61299	0.25002	0.15528	480.94	928	3931	1804	81.944	-2950	2988.9	181	81	1	12	1	54.054	56.604	0	0	1	0
-0.008102	0.049528	22803	6000	2931	239	0	29	13.731	12.327	3.3684	2.1137	167.96	132.63	111	0	25.893	24.458	0.47341	0.97552	0.48691	0.1441	0.11325	456	357	4703	725	101.07	-2931	2966.3	64	57	1	8	1	80	90.909	0	0	1	0
0.0074338	0.05239	3958.6	6000	3010	415	0	41	26.528	24.695	4.9706	5.0542	95.05	33.066	277	0	49.325	50.285	0.71558	0.62023	0.38841	0.17238	0.096964	523.82	955	3802	1973	73.415	-3010	3055.2	169	133	1	28	1	62.5	61.224	0	0	1	0
-0.0071708	0.033283	2139.2	6000	3037	391	0	29	37.741	30.931	6.2963	4.6807	129.79	53.528	277	0	70.821	64.439	0.35279	0.31788	0.24278	0.12104	0.05057	566.17	1019	3634	1983	104.72	-3037	3089.3	170	144	4	21	1	65.217	65.934	0	0	1	0
0.0077342	0.054707	4209.3	6000	2980	436	0	33	30.455	15.665	5.4848	2.5632	118.03	34.822	135	11	60.75	31.644	1.0382	0.73453	0.44424	0.19654	0.09782	466.67	1005	3777	1944	90.303	-2980	3016.3	181	65	6	11	1	68.182	68.966	0	0	1	0
-0.0064478	0.052766	4072.9	6000	3029	398	0	35	29.281	17.414	5.0312	3.6587	116.62	40.765	152	0	52.471	36.788	0.52203	0.3901	0.44792	0.18804	0.096278	431.12	937	3965	1784	86.543	-3029	3059.5	161	76	6	16	1	78.947	75.949	0	0	1	0
0.0047608	0.036601	1828.8	6000	2990	447	0	34	47	40.375	8.5625	6.7915	86.727	34.784	356	0	91.212	81.159	0.58492	0.50372	0.27213	0.11443	0.065756	527.1	1504	2862	3010	87.941	-2990	3036.1	274	180	5	31	1	58.824	61.224	0	0	1	0
0.0002947	0.039622	2506.2	6000	3068	393	0	35	21.559	14.187	3.625	1.9634	130.85	32.427	103	0	41.353	28.606	0.43079	0.47655	0.26586	0.11374	0.069594	563.22	733	4449	1406	87.657	-3068	3119.3	116	55	1	7	1	100	98.361	0	0	1	0
0.0061817	0.062058	5886.2	6000	2941	422	0	30	47.867	39.315	7.7333	5.9766	102.66	37.94	351	21	99.621	81.487	1.51	1.0195	0.50062	0.22102	0.09657	489.2	1436	2977	2889	98.033	-2941	2981.4	232	168	12	24	1	68.966	63.158	0	0	1	0
-0.016596	0.053342	10473	6000	2997	369	0	34	30.833	17.558	4.5667	2.7251	122.94	44.106	188	0	56.515	38.004	0.43254	0.35751	0.48796	0.18855	0.10072	431.36	925	4057	1865	88.147	-2997	3027.9	137	94	5	12	1	78.947	72.289	0	0	1	0
-0.0031465	0.033733	2205.5	6000	2991	342	0	35	16.258	12.751	3.6667	2.218	138.41	60.745	110	0	30.824	26.956	0.39441	0.36053	0.31953	0.12411	0.078212	410.44	504	4706	1048	85.457	-2991	3019	110	54	2	10	1	70.588	70.588	0	0	1	0
0.010948	0.043787	4915.7	6000	3065	400	0	32	26.733	16.339	4.7857	2.9859	137.29	75.266	117	1	50.29	34.333	0.72221	0.59716	0.34778	0.1469	0.087331	503.74	802	4256	1559	95.781	-3065	3106.1	134	63	1	13	1	69.767	73.171	0	0	1	0
-0.0065352	0.064359	6614.6	6000	3018	467	0	41	21.889	13.444	4.5294	2.477	107.08	47.243	101	0	38.675	29.36	0.73413	0.70481	0.6079	0.20987	0.14471	407.09	788	4283	1547	73.61	-3018	3045.3	154	50	1	11	1	65.217	61.224	0	0	1	0
0.0071239	0.066285	7376.9	6000	2958	421	0	44	23.054	19.526	4.027	3.4196	93.209	41.834	180	0	42.233	41.569	0.61658	0.73953	0.73818	0.18094	0.15799	342.37	853	4008	1816	67.227	-2958	2977.7	149	84	1	16	1	86.957	73.171	0	0	1	0
-0.007116	0.094627	12117	6000	3077	509	0	35	35.844	25.348	7.7097	4.5548	105.82	40.697	214	0	66.5	50.027	2.0006	1.3032	0.67053	0.3441	0.16724	539.78	1147	3598	2261	87.914	-3077	3124	239	105	5	21	2	49.587	48.78	0	0	1	0
0.023136	0.084394	20261	6000	2977	368	0	43	21.59	14.045	4.0556	2.3169	96.167	43.141	109	0	40.405	28.201	1.0584	0.9845	0.96592	0.26161	0.21934	359.03	842	4039	1697	69.233	-2977	2998.6	146	65	1	10	1	53.571	54.545	0	0	1	0
0.0054614	0.073856	6579.5	6000	2965	420	0	35	29.258	14.808	6.2581	2.9322	120.74	43.403	135	0	53.647	34.216	0.84965	0.66964	0.73857	0.28055	0.14816	371.54	907	4105	1824	84.714	-2965	2988.2	194	67	5	13	1	57.143	64.516	0	0	1	0
-0.011298	0.069615	8020.1	6000	2979	366	0	32	35.871	17.237	5.8125	2.9993	113.13	40.574	139	6	71.903	36.639	1.0866	0.67617	0.47442	0.25122	0.10133	558.78	1112	3507	2229	93.094	-2979	3031	186	71	5	12	1	77.922	92.308	0	0	1	0
-0.003413	0.081255	8149.8	6000	3062	422	0	33	24.5	17.035	4.5714	2.6864	136.44	67.789	121	0	44.281	34.383	1.4949	1.2258	0.81149	0.29256	0.19004	378.82	735	4366	1417	92.788	-3062	3085.3	128	63	1	12	1	53.097	56.604	0	0	1	0
0.012643	0.1322	25078	6000	3053	461	0	41	37.474	32.791	7.4118	5.8368	76.275	20.203	367	0	70	67.866	2.8561	2.772	0.95704	0.38155	0.22853	562.91	1424	3051	2800	74.463	-3053	3104.5	252	180	1	30	1	43.478	43.165	0	0	1	0
-0.0013084	0.07103	6029.4	6000	2990	450	0	28	15.04	7.8501	2.52	1.5843	191.85	66.174	62	0	28.037	17.221	1.0673	0.68574	0.82566	0.32428	0.19712	281.45	376	5180	757	106.79	-2990	3003.2	63	34	4	7	1	58.252	63.83	0	0	1	0
-0.0040987	0.062962	4965	6000	2927	420	0	31	18.767	14.287	3.4138	2.2602	158.23	131.27	121	2	37.6	27.942	0.67538	0.71205	0.68159	0.24591	0.17557	319.85	563	4747	1128	94.419	-2927	2944.4	99	62	2	12	1	64.516	67.416	0	0	1	0
-9.5634e-05	0.094374	11513	6000	3051	431	0	40	24.5	13.485	4.3611	2.3683	105.49	32.291	106	0	45.128	27.999	1.5923	0.96077	1.0507	0.34956	0.2242	319.93	882	4114	1760	76.275	-3051	3067.7	157	56	6	10	1	60.606	61.224	0	0	1	0
0.0074338	0.05239	3958.6	6000	3010	415	0	41	26.528	24.695	4.9706	5.0542	95.05	33.066	277	0	49.325	50.285	0.71558	0.62023	0.38841	0.17238	0.096964	523.82	955	3802	1973	73.415	-3010	3055.2	169	133	1	28	1	62.5	61.224	0	0	1	0
-0.00047463	0.047179	3062.1	6000	2965	462	0	42	24.083	16.249	4.6364	2.6788	102.49	50.182	127	0	43.073	34.093	0.50596	0.61107	0.4764	0.14258	0.10488	366.94	867	4202	1766	70.595	-2965	2987.6	153	63	1	11	1	61.856	61.856	0	0	1	0
-0.0063872	0.064479	5602.2	6000	3030	458	0	34	19.567	11.428	4.0357	2.7146	138.61	41.324	96	0	35.121	23.618	0.60407	0.6899	0.68724	0.21302	0.14944	334.68	587	4574	1159	89.118	-3030	3048.4	113	48	1	13	1	60.606	60.606	0	0	1	0
0.0002947	0.039622	2506.2	6000	3068	393	0	35	21.559	14.187	3.625	1.9634	130.85	32.427	103	0	41.353	28.606	0.43079	0.47655	0.26586	0.11374	0.069594	563.22	733	4449	1406	87.657	-3068	3119.3	116	55	1	7	1	100	98.361	0	0	1	0
0.0061817	0.062058	5886.2	6000	2941	422	0	30	47.867	39.315	7.7333	5.9766	102.66	37.94	351	21	99.621	81.487	1.51	1.0195	0.50062	0.22102	0.09657	489.2	1436	2977	2889	98.033	-2941	2981.4	232	168	12	24	1	68.966	63.158	0	0	1	0
-0.016596	0.053342	10473	6000	2997	369	0	34	30.833	17.558	4.5667	2.7251	122.94	44.106	188	0	56.515	38.004	0.43254	0.35751	0.48796	0.18855	0.10072	431.36	925	4057	1865	88.147	-2997	3027.9	137	94	5	12	1	78.947	72.289	0	0	1	0
0.0015888	0.098242	12661	6000	2971	454	0	32	14	7.746	2.6452	1.3304	156.03	49.662	75	8	28.968	16.038	1.6079	0.76357	1.0439	0.42182	0.20705	289.11	448	4837	898	92.844	-2971	2985	82	33	3	6	1	56.075	66.667	0	0	1	0
5.7719e-05	0.070398	6384.6	6000	2953	367	0	28	15.852	8.0226	2.5	1.241	181.81	69.725	62	6	31.296	15.64	0.85328	0.72594	0.92745	0.24834	0.20397	231.66	428	4909	845	105.46	-2953	2962.1	65	30	2	5	1	90.909	92.308	0	0	1	0
0.0094546	0.042189	4338	6000	2958	327	0	36	21.8	9.8974	3.3214	1.3892	128.57	45.937	105	0	35.8	24.38	0.48247	0.49493	0.28434	0.12018	0.077133	602.41	654	4500	1253	82.167	-2958	3018.7	93	46	1	6	1	98.361	105.26	0	0	1	0
-0.0017562	0.063235	5141.5	6000	2932	392	0	33	15.107	10.942	3.4231	1.8585	154.31	45.785	109	0	28.25	23.039	0.55	0.7312	0.77745	0.22615	0.18945	281.02	423	4938	904	88.848	-2932	2945.4	89	56	1	9	1	89.552	85.714	0	0	1	0
0.0026878	0.08057	8659.9	6000	2971	435	0	38	21.125	18.658	4	3.0589	124.16	64.421	142	0	36.054	39.032	1.1202	1.1947	0.71028	0.27246	0.19531	403.66	676	4594	1334	78.184	-2971	2998.3	116	66	1	12	1	55.556	55.046	0	0	1	0
0.00375	0.086249	9797.7	6000	3015	444	0	40	15.889	11.602	2.6286	1.7504	119.18	54.092	101	0	29.333	22.836	1.2155	1.0728	0.8062	0.32218	0.19796	355.33	572	4648	1144	75.375	-3015	3035.9	92	51	2	10	1	53.097	61.856	0	0	1	0
0.01008	0.044656	4216.6	6000	2975	364	0	37	30.97	15.543	5.4545	2.5992	106.56	34.655	135	0	58.556	33.18	0.501	0.32837	0.37104	0.16062	0.086016	493.05	1022	3836	2108	80.405	-2975	3015.6	180	65	6	12	1	81.081	96.774	0	0	1	0
-0.0035844	0.054742	4520.5	6000	3007	389	0	41	35.529	28.896	5.6176	4.684	89.05	33.924	246	0	57.975	55.886	0.76886	0.69501	0.41768	0.1549	0.091967	544.78	1208	3562	2319	73.341	-3007	3055.9	191	138	5	20	1	84.507	78.947	0	0	1	0
0.0014924	0.059452	4259.9	6000	3018	464	0	35	17.903	11.484	3.9	2.4403	137.74	66.514	100	0	32.471	25.5	0.77897	0.71224	0.48197	0.20206	0.12284	464.06	555	4683	1104	86.229	-3018	3053.5	117	47	1	10	1	61.856	58.824	0	0	1	0
-0.00073696	0.068426	6364.2	6000	2943	442	0	35	24.314	13.341	4.9412	2.8063	118.35	45.981	117	2	50.824	26.869	0.94612	0.78793	0.68858	0.25155	0.13109	362.77	851	4024	1728	84.086	-2943	2965.3	168	63	1	13	1	66.667	58.252	0	0	1	0
0.00039473	0.04657	3309.3	6000	3007	461	0	36	26.152	14.422	4.8182	2.9839	118.69	64.145	116	1	48.743	30.986	0.48184	0.46412	0.39611	0.14394	0.080979	438.46	863	4154	1706	83.528	-3007	3038.8	159	59	5	12	1	75	76.923	0	0	1	0
-0.0043997	0.098489	11586	6000	3014	504	0	33	24.935	15.323	5.2333	3.5977	132	52.285	144	0	47.125	33.664	1.5618	1.0724	0.92883	0.40182	0.20283	350.05	773	4224	1508	91.333	-3014	3034.3	157	69	1	14	1	47.244	53.571	0	0	1	0
0.023162	0.13072	24722	6000	2995	522	0	36	27.485	18.199	6.3333	3.8379	113.86	44.146	207	0	52.086	39.547	2.6291	1.5589	1.0794	0.53213	0.26617	439.23	907	3985	1823	83.194	-2995	3027	209	96	5	21	2	32.787	37.037	0	0	1	0
5.7719e-05	0.070398	6384.6	6000	2953	367	0	28	15.852	8.0226	2.5	1.241	181.81	69.725	62	6	31.296	15.64	0.85328	0.72594	0.92745	0.24834	0.20397	231.66	428	4909	845	105.46	-2953	2962.1	65	30	2	5	1	90.909	92.308	0	0	1	0
-0.00065177	0.044815	12679	6000	2936	268	0	33	31.515	19.035	4.8125	2.334	115.59	34.519	136	10	66.594	36.419	0.49129	0.50827	0.35201	0.1419	0.077555	551.12	1040	3699	2131	88.97	-2936	2987.3	154	69	5	10	1	75	86.957	0	0	1	0
0.015825	0.051254	9581.7	6000	3023	291	0	30	17.154	10.302	3.56	1.8276	170.59	72.335	94	0	31.862	23.359	0.78565	0.76271	0.51061	0.20425	0.15165	385.54	446	4947	924	100.77	-3023	3047.5	89	45	1	7	1	107.14	125	0	0	1	0
-0.0070745	0.033039	2421	6000	2924	376	0	34	38.125	30.028	6.3871	4.6952	103.61	47.753	285	0	76.576	64.034	0.2485	0.30735	0.16881	0.086248	0.049856	798	1220	3419	2527	86	-2924	3030.9	198	138	1	19	1	113.21	136.36	0	0	1	0
-0.0071214	0.074453	10458	6000	2950	410	0	37	26.853	19.38	4.8485	3.0936	111.81	53.974	148	1	50.556	39.748	0.94364	1.0236	0.55646	0.20126	0.1112	513.25	913	4025	1820	79.73	-2950	2994.3	160	71	1	11	1	58.252	68.182	0	0	1	0
-0.0015203	0.034303	3089.3	6000	3000	361	0	33	37.533	20.106	6.3667	3.9609	114.62	45.989	148	0	70.094	42.767	0.41385	0.39842	0.2847	0.1046	0.04805	487.51	1126	3668	2243	90.909	-3000	3039.4	191	74	5	18	1	78.947	83.333	0	0	1	0
0.00041698	0.036967	2045.8	6000	3031	411	0	31	21.034	11.108	3.3214	2.1266	156.27	45.662	86	1	36.633	21.274	0.49939	0.44011	0.31366	0.13285	0.080142	401.22	610	4688	1099	97.774	-3031	3057.4	93	45	2	8	1	101.69	105.26	0	0	1	0
-0.0077175	0.05999	7543.8	6000	3025	349	0	35	31.094	21.358	5.0968	3.3502	116.38	66.613	190	0	54.676	43.079	0.87225	0.79027	0.8312	0.18985	0.14878	274.2	995	3957	1859	86.429	-3025	3037.4	158	103	8	15	1	80	103.45	0	0	1	0
0.0074576	0.050327	4107.6	6000	3016	422	0	33	28.758	15.334	5.5667	2.2997	123.5	38.361	143	2	59.438	28.623	0.80862	0.47359	0.48095	0.17749	0.090577	414.34	949	3952	1902	91.394	-3016	3044.3	167	73	1	11	1	57.143	63.83	0	0	1	0
0.0019035	0.032648	2416	6000	2964	357	0	31	32.903	20.436	5.6129	2.9516	122.93	43.976	228	21	68.067	40.339	0.39082	0.32275	0.23435	0.12211	0.046807	567.12	1020	3688	2042	95.613	-2964	3017.8	174	116	9	16	1	63.158	71.429	0	0	1	0
-0.013358	0.065016	8371	6000	3052	367	0	35	26.548	22.913	4.5	3.4516	124.21	46.114	239	0	46.794	45.568	0.71532	0.7256	0.74114	0.20785	0.1491	326.32	823	4223	1591	87.2	-3052	3069.4	135	122	1	17	1	58.252	64.516	0	0	1	0
0.00022016	0.067298	6370.6	6000	3013	499	0	36	15.029	8.7472	3.4545	1.9218	137.09	70.68	71	0	28.6	18.513	0.78994	0.70547	0.68752	0.23046	0.12541	356.91	511	4798	1001	83.694	-3013	3034.1	114	36	1	9	1	48	50.847	0	0	1	0
0.0064735	0.068194	6823.1	6000	3010	387	0	37	22.633	11.737	4.1034	2.3505	122.58	53.23	91	0	37.833	27.877	0.89722	0.74706	0.55104	0.21478	0.13995	451.18	679	4413	1362	81.351	-3010	3043.6	119	46	1	10	1	58.824	66.667	0	0	1	0
0.0063295	0.076936	8468.9	6000	2989	475	0	34	38.375	29.338	7.125	5.1541	101.09	36.279	329	0	75.424	60.587	1.448	1.0383	0.62896	0.25062	0.13166	455.63	1228	3336	2489	87.912	-2989	3023.5	228	163	5	26	1	48.387	60	0	0	1	0
-0.010538	0.048883	5043.4	6000	2915	499	0	31	46.613	28.459	9.2333	4.9528	98.067	37.098	241	8	98.933	57.485	0.61951	0.51283	0.36715	0.16364	0.06853	551.26	1445	2942	2968	94.032	-2915	2966.7	277	117	1	21	1	41.958	45.455	0	0	1	0
0.030204	0.059385	33105	6000	3006	241	0	35	39.412	28.465	5.0938	3.1146	95.794	44.892	223	1	78.559	56.386	1.7706	1.4189	0.38245	0.1836	0.096934	754.53	1340	3257	2671	85.886	-3006	3099.2	163	116	1	14	1	78.947	93.75	0	0	1	0
-0.05183	0.065406	96786	6000	2997	226	0	39	39.382	25.079	4.5333	1.978	87.079	37.112	191	0	70.158	52.7	0.34872	0.43985	0.42076	0.2031	0.10234	918.95	1339	3309	2666	76.846	-2997	3134.7	136	102	1	8	1	54.054	58.252	0	0	1	0
0.0018649	0.14168	30645	6000	3043	389	0	38	27.088	13.822	4.1875	2.2061	110.14	43.816	125	0	48.784	31.969	2.4076	1.7231	1.0292	0.46645	0.23095	478.75	921	4075	1805	80.079	-3043	3080.4	134	58	5	9	1	58.824	75.949	0	0	1	0
-0.00077938	0.079431	8463.9	6000	2950	420	0	29	17.75	8.9344	3.7308	1.9091	171.11	61.716	79	0	37.464	19.878	0.73347	0.85065	1.1207	0.32449	0.23054	233.27	497	4791	1049	101.72	-2950	2959.2	97	32	1	10	1	75.949	72.289	0	0	1	0
0.0062613	0.058942	4209.1	6000	2980	409	0	39	18.514	13.678	3.973	2.5872	120.79	48.009	126	0	36.816	27.035	0.94081	0.60213	0.51747	0.24571	0.11154	414.84	685	4590	1399	76.41	-2980	3008.7	147	64	2	13	1	49.587	54.545	0	0	1	0
0.001895	0.06507	5310.6	6000	3019	443	0	40	32.128	28.822	5.9167	4.0098	88.615	29.773	275	1	64.949	56.557	0.85871	0.59656	0.5073	0.23668	0.10851	494.98	1253	3456	2533	75.475	-3019	3059.3	213	142	2	21	1	50	50	0	0	1	0
-0.0072299	0.046825	3229	6000	2968	540	0	32	49.375	25.663	10.719	6.1917	88.065	28.193	285	10	101.9	54.12	0.77609	0.54045	0.30727	0.14986	0.05971	639.67	1580	2730	3159	92.75	-2968	3036.1	343	143	4	33	1	41.667	45.113	0	0	1	0
-0.0076125	0.11394	16789	6000	3036	560	0	34	37.118	16.742	8.1176	4.0956	98.848	29.463	132	16	77.727	33.328	2.3555	1.0622	0.8874	0.47642	0.17993	456.11	1262	3262	2565	89.294	-3036	3070.1	276	65	8	17	1	39.474	43.478	0	0	1	0
-0.011737	0.093909	14233	6000	2976	481	0	42	32.875	27.911	6.45	5.4441	78.146	26.495	300	0	61.878	53.091	1.1809	1.058	0.72315	0.3242	0.18463	465.72	1315	3204	2537	70.857	-2976	3012.2	258	149	2	32	1	48	52.174	0	0	1	0
-0.017746	0.10688	19255	6000	2995	443	0	36	50.909	59.523	9.0312	10.275	72.971	29.24	492	0	82.057	89.823	1.3621	1.6003	0.77248	0.36331	0.1979	551.55	1680	2554	2872	83.194	-2995	3045.4	289	278	3	46	1	50.847	48	0	0	1	0
-0.002519	0.044916	2790.9	6000	2984	460	0	36	29.171	16.984	4.7353	2.9981	107.57	37.823	147	0	57.914	34.54	0.50261	0.45978	0.33636	0.15219	0.07882	477.54	1021	3765	2027	82.889	-2984	3022	161	75	2	14	1	58.824	60.606	0	0	1	0
0.00080681	0.068938	9894.9	6000	2987	483	0	30	72.483	56.671	12.966	9.0494	57.759	14.638	502	0	134.52	110.39	1.7989	1.2483	0.41575	0.23513	0.079062	664.19	2102	1675	3901	99.567	-2987	3060	376	244	7	37	1	50	48.387	0	0	0	1
-0.0030094	0.024621	899.02	6000	2975	464	0	30	58.793	51.401	10.679	8.3624	84.172	30.024	518	1	115.62	107.21	0.25888	0.28964	0.16897	0.071616	0.028809	645.5	1705	2441	3353	99.167	-2975	3044.2	299	247	5	44	1	60	68.966	0	0	0	1
0.013881	0.03057	6951	6000	3021	322	0	39	35.757	34.903	5.6	5.4243	85	41.1	287	1	67.711	70.881	0.43811	0.49448	0.21847	0.083219	0.047057	652.16	1323	3230	2573	77.462	-3021	3090.6	196	135	4	26	1	78.947	101.69	0	0	0	1
-0.0092022	0.048373	4368.1	6000	3016	447	0	27	77.407	76.5	11.926	12.213	66.346	20.235	615	6	160.73	149.28	0.85163	0.79189	0.27167	0.15161	0.064841	764.58	2090	1725	4179	111.7	-3016	3111.4	322	322	3	51	1	54.054	51.282	0	0	0	1
-0.0034222	0.035555	1972.1	6000	3035	417	0	29	70.143	48.33	9.8571	6.0962	72.321	24.266	389	2	134.89	96.943	0.55977	0.51538	0.20043	0.097939	0.04342	737.98	1964	2025	3777	104.66	-3035	3123.4	276	210	5	25	1	64.516	66.667	0	0	0	1
0.0058042	0.026395	1624.1	6000	3031	429	0	34	52.879	47.533	9.8065	7.162	75.394	31.335	373	0	105	94.835	0.364	0.43029	0.19664	0.069148	0.034459	604.1	1745	2488	3465	89.147	-3031	3090.6	304	194	4	34	1	68.182	61.856	0	0	0	1
-0.0055848	0.040541	2964.8	6000	3034	378	0	32	47.312	27.974	7.7667	3.98	92.839	41.556	205	6	94.516	54.894	0.57957	0.43393	0.3286	0.13188	0.06984	520.56	1514	2878	2930	94.812	-3034	3078.3	233	103	2	16	1	67.416	75	0	0	0	1
0.003799	0.033066	1844.4	6000	3101	388	0	35	36.471	33.534	5.6875	4.3953	99.265	47.912	326	0	69.735	63.181	0.46802	0.38886	0.18129	0.094823	0.038685	767.64	1240	3375	2371	88.6	-3101	3194.6	182	170	1	22	1	89.552	86.957	0	0	0	1
0.0058042	0.026395	1624.1	6000	3031	429	0	34	52.879	47.533	9.8065	7.162	75.394	31.335	373	0	105	94.835	0.364	0.43029	0.19664	0.069148	0.034459	604.1	1745	2488	3465	89.147	-3031	3090.6	304	194	4	34	1	68.182	61.856	0	0	0	1
-0.00088082	0.013091	246.2	6000	2969	490	0	35	40.424	42.024	8.2258	7.8303	90.529	41.024	431	0	79.059	82.672	0.072266	0.079093	0.069749	0.035108	0.017825	814.73	1334	3078	2688	84.829	-2969	3078.8	255	219	2	39	1	75	88.235	0	0	0	1
0.010528	0.031279	4029.7	6000	3042	380	0	33	44.345	34.423	6.9643	4.7802	103.91	52.357	317	0	78.594	70.718	0.50885	0.46674	0.23015	0.10407	0.066361	583.15	1286	3325	2515	92.182	-3042	3097.4	195	153	4	20	1	65.934	60.606	0	0	0	1
0.004373	0.025503	1131.4	6000	2981	412	0	32	46.7	41.23	8.7778	6.5477	100.32	33.537	371	2	91.194	85.544	0.32527	0.32453	0.14515	0.067826	0.035549	753.92	1401	3110	2827	93.156	-2981	3074.9	237	181	1	28	1	68.966	75.949	0	0	0	1
0.0042362	0.040956	2576.2	6000	3022	428	0	37	42.771	24.59	6.8	4.4378	81.472	28.123	184	0	77.028	48.871	0.54513	0.39279	0.26825	0.11735	0.063178	637.36	1497	2933	2773	81.676	-3022	3088.5	238	100	14	16	2	68.966	67.416	0	0	0	1
-0.0002509	0.035519	2030.6	6000	3037	439	0	37	44.611	29.208	7.7647	4.7101	73.583	25.507	252	1	86.722	60.159	0.41143	0.34047	0.26993	0.092374	0.050634	562.16	1606	2649	3122	82.081	-3037	3088.6	264	127	1	24	1	68.966	77.922	0	0	0	1
-0.012539	0.027345	5678.3	6000	3026	345	0	34	45.697	29.619	6.7097	4.1004	88.697	35.56	230	8	90.879	58.755	0.17537	0.18605	0.17617	0.08746	0.036802	743.46	1508	2927	2999	89	-3026	3116	208	115	3	16	1	93.75	101.69	0	0	0	1
0.0079972	0.080754	9229.9	6000	3051	469	0	33	38.548	23.269	6.9333	3.9994	108.12	39.403	154	0	73.906	47.546	1.7335	1.3388	0.61118	0.26689	0.15491	514.99	1195	3460	2365	92.455	-3051	3094.2	208	79	1	15	1	54.545	51.724	0	0	0	1
0.0033758	0.047251	3355.1	6000	3035	392	0	34	30.656	15.553	5.2	2.4126	113.03	53.578	117	0	57.182	32.524	0.67845	0.63198	0.3386	0.13982	0.073544	562.25	981	3730	1887	89.265	-3035	3086.6	156	62	1	12	2	69.767	75	0	0	0	1
-0.012124	0.13128	23990	6000	3017	475	0	34	49.562	44.774	9	7.4117	81.364	27.187	454	0	89.909	86.228	3.0555	2.8141	1.0486	0.43546	0.24842	480.82	1586	2685	2967	88.735	-3017	3055.1	279	234	2	39	1	42.553	45.113	0	0	0	1
-0.015804	0.13681	27869	6000	3007	452	0	38	36.886	33.205	6.7429	5.8979	88.135	39.89	341	0	68	68.529	2.6856	2.368	1.1935	0.44318	0.26839	454.32	1291	3261	2516	79.132	-3007	3041.1	236	164	1	24	1	41.958	42.254	0	0	0	1
0.0035073	0.12359	20061	6000	2979	449	0	36	37.853	28.75	7.4062	5.3753	90.571	42.85	245	0	74.029	58.939	2.3344	2.2637	1.2211	0.43984	0.25352	392.63	1287	3170	2591	82.75	-2979	3004.8	237	122	1	24	1	40.541	44.444	0	0	0	1
0.0079972	0.080754	9229.9	6000	3051	469	0	33	38.548	23.269	6.9333	3.9994	108.12	39.403	154	0	73.906	47.546	1.7335	1.3388	0.61118	0.26689	0.15491	514.99	1195	3460	2365	92.455	-3051	3094.2	208	79	1	15	1	54.545	51.724	0	0	0	1
-0.015804	0.13681	27869	6000	3007	452	0	38	36.886	33.205	6.7429	5.8979	88.135	39.89	341	0	68	68.529	2.6856	2.368	1.1935	0.44318	0.26839	454.32	1291	3261	2516	79.132	-3007	3041.1	236	164	1	24	1	41.958	42.254	0	0	0	1
-0.018708	0.034216	12613	6000	3083	298	0	40	26.162	20.071	4.2424	2.8508	98.385	51.663	185	1	49.128	40.832	0.15353	0.20632	0.22726	0.09141	0.053912	792.48	968	3837	1916	77.075	-3083	3183.2	140	91	3	11	1	73.171	77.922	0	0	0	1
-0.00081737	0.070551	7199.9	6000	2910	485	0	41	29.474	21.181	6.0278	4.4944	89.525	29.445	224	1	57.2	45.413	0.84794	0.84926	0.66881	0.21205	0.14395	426.45	1120	3581	2288	70.976	-2910	2941.1	217	106	1	24	1	52.174	49.587	0	0	0	1
0.0023334	0.096246	13282	6000	3018	518	0	32	59.5	66.241	11.1	11.636	72.71	19.613	534	0	104.84	125.36	2.3123	1.967	0.72602	0.31636	0.16767	523.43	1785	2254	3250	94.312	-3018	3063.1	333	260	5	47	1	40.541	42.553	0	0	0	1
-0.0037362	0.033957	1823.8	6000	3026	400	0	42	30.294	23.053	4.7576	3.3637	93.293	49.412	176	0	49.244	47.384	0.32013	0.41009	0.25441	0.082917	0.060938	555.73	1030	3825	2019	72.048	-3026	3076.6	157	91	2	13	1	122.45	113.21	0	0	0	1
-0.004525	0.10088	13297	6000	2973	508	0	37	37.167	24.055	7.1667	4.5135	89.75	35.681	212	0	72.833	49.168	1.8581	1.278	0.581	0.33608	0.1332	696.61	1338	3231	2622	80.351	-2973	3053.5	258	108	3	18	1	49.18	49.18	0	0	0	1
0.053188	0.076575	1.0185e+05	6000	3091	268	0	37	38.571	37.413	4.3939	3.605	93.694	38.71	318	0	72.611	70.486	2.726	2.4037	0.54416	0.26929	0.12675	801.76	1350	3373	2614	83.541	-3091	3193.3	145	175	4	17	1	60.606	55.556	0	0	0	1
0.0042114	0.098224	13621	6000	3048	494	0	27	75.741	57.939	13.333	10.015	75.462	32.146	446	6	154.38	113.19	3.4374	2.165	0.54622	0.33842	0.13401	767.8	2045	1962	4014	112.89	-3048	3143.2	360	227	2	37	1	44.118	42.254	0	0	0	1
-0.040869	0.067018	60136	6000	2921	300	0	33	49.516	39.295	7.5	5.776	87.312	30.575	340	0	97.875	80.299	0.45646	0.42664	0.67411	0.25087	0.14858	496.43	1535	2794	3132	88.515	-2921	2962.9	225	176	3	21	1	57.143	57.143	0	0	0	1
0.011206	0.082925	11128	6000	3002	443	0	41	33.105	16.603	5.3947	3.2008	86.25	31.895	140	0	59.7	35.172	1.6801	1.0455	0.69984	0.27509	0.14761	466.34	1258	3450	2388	73.22	-3002	3038	205	66	7	13	1	58.824	53.097	0	0	0	1
0.0052947	0.070141	7834.4	6000	3019	461	0	29	71.778	95.088	12.269	14.995	72.464	21.749	912	0	129.82	183.85	1.923	2.1432	0.46441	0.2022	0.10711	651.45	1938	2029	3635	104.1	-3019	3088.5	319	463	1	70	2	54.054	50	0	0	0	1
-0.00277	0.039015	2391.8	6000	2997	407	0	36	34.344	38.9	5.9643	7.0105	107.09	72.678	288	0	60.771	76.098	0.27484	0.33227	0.15566	0.07679	0.037011	1132.5	1099	3748	2127	83.25	-2997	3203.8	167	147	1	27	1	75	75	0	0	0	1
0.0039496	0.051798	3687.8	6000	3073	444	0	26	80.538	76.081	13.077	11.733	73.8	24.544	654	8	158.24	150.69	1.3972	1.2777	0.35797	0.16462	0.086078	626.66	2094	1845	3956	118.19	-3073	3136.2	340	325	2	53	1	74.074	63.158	0	0	0	1
-0.0026209	0.05858	5210.5	6000	2978	408	0	37	34.343	23.591	5.7429	4.3545	94.417	36.116	207	0	64.667	47.759	0.71663	0.49866	0.39788	0.16345	0.080712	624.44	1202	3399	2328	80.486	-2978	3042.8	201	101	5	20	1	78.947	75.949	0	0	0	1
0.0059965	0.087896	10090	6000	3008	474	0	43	32.027	26.17	5.9167	4.6866	84.738	31.455	244	0	55.286	52.897	1.2819	1.2549	0.79775	0.24012	0.15654	445.78	1185	3559	2322	69.953	-3008	3040.9	213	117	1	21	1	49.587	53.571	0	0	0	1
-0.0012088	0.12723	21451	6000	3002	494	0	34	50.125	43.753	9.4516	7.9617	82.152	23.339	380	0	95.879	89.789	2.9301	2.3416	1.0437	0.42894	0.23951	487.34	1604	2711	3164	88.294	-3002	3041.3	293	193	6	31	1	42.857	43.796	0	0	0	1
-0.0021373	0.065289	5690.6	6000	2939	470	0	38	36.676	29.002	6.6111	4.9586	84.568	29.512	286	0	76.622	61.236	0.88008	0.69237	0.59354	0.19613	0.11498	453.02	1357	3129	2835	77.342	-2939	2973.7	238	137	1	23	1	49.18	48	0	0	0	1
-0.0028644	0.086279	10165	6000	2959	496	0	37	40.865	35.493	7.5135	6.5474	79.556	26.261	408	16	85.472	73.255	1.4685	1.2009	0.52997	0.27308	0.094085	696.47	1512	2864	3077	79.973	-2959	3039.9	278	196	8	34	1	44.118	45.455	0	0	0	1
-0.0018914	0.13635	25994	6000	2988	495	0	29	61.655	52.871	11.172	8.9206	86.679	34.059	483	6	112.79	94.359	3.5333	3.4318	1.2214	0.45224	0.26319	458.06	1788	2427	3158	103.03	-2988	3022.9	324	227	4	36	1	42.857	46.512	0	0	0	1
-4.6138e-05	0.13621	26061	6000	2944	534	0	37	43.314	31.96	9.1212	5.8724	80.361	31.835	335	1	83.25	67.104	2.8296	2.3633	1.1495	0.42279	0.25452	489.29	1516	2893	2997	79.568	-2944	2984.4	301	166	1	27	1	38.462	38.961	0	0	0	1
0.0095737	0.11641	21376	6000	3001	469	0	35	51.29	32.946	9.3871	6.9074	79.441	34.982	310	0	94.941	71.182	2.8895	2.3356	0.68747	0.32639	0.17361	726.42	1590	2701	3228	85.743	-3001	3087.7	291	154	10	33	2	46.512	45.802	0	0	0	1
-0.017704	0.095353	15725	6000	2901	435	0	25	81.583	60.407	14.522	9.6666	74.917	28.158	468	2	172.38	130.23	2.5891	2.1494	0.61805	0.31335	0.14636	671.99	1958	1798	4137	116.04	-2901	2977.8	334	211	7	39	1	50.847	48	0	0	0	1
0.011371	0.082637	9078.1	6000	3059	459	0	42	31.216	25.077	5.5405	4.5436	89.561	45.999	191	0	55.366	50.865	1.5697	1.3861	0.95491	0.25617	0.17768	341.7	1155	3672	2270	72.833	-3059	3078	205	102	1	19	1	51.282	46.154	0	0	0	1
-0.010439	0.12583	22495	6000	2959	486	0	38	35.579	26.132	6.9211	4.2067	85.27	30.328	217	10	71.027	49.142	2.3308	1.7446	0.97371	0.41079	0.19459	535.5	1352	3155	2628	77.868	-2959	3007.1	263	121	4	16	1	41.958	43.478	0	0	0	1
-0.00086915	0.094636	11614	6000	3038	458	0	38	22.938	12.856	4.5806	2.7052	118.97	49.357	93	0	39.73	27.64	1.2912	0.99716	1.093	0.33735	0.2744	301.73	734	4402	1470	79.947	-3038	3052.9	142	51	1	13	1	56.075	60.606	0	0	0	1
0.0077132	0.11511	17269	6000	2963	471	0	36	19.576	14.55	4.3793	2.7828	129.2	52.43	130	0	38.314	30.468	1.5838	1.4577	1.1307	0.41097	0.28835	373.38	646	4522	1341	82.306	-2963	2986.4	127	65	1	11	1	46.512	49.18	0	0	0	1
-0.00081737	0.070551	7199.9	6000	2910	485	0	41	29.474	21.181	6.0278	4.4944	89.525	29.445	224	1	57.2	45.413	0.84794	0.84926	0.66881	0.21205	0.14395	426.45	1120	3581	2288	70.976	-2910	2941.1	217	106	1	24	1	52.174	49.587	0	0	0	1
0.0049213	0.060616	5234.9	6000	2983	421	0	30	61.393	48.439	9.9259	7.7852	80.345	32.302	381	0	117.72	102.39	1.3703	1.1986	0.4628	0.19252	0.098989	536.47	1719	2330	3414	99.433	-2983	3030.9	268	190	3	26	1	74.074	67.416	0	0	0	1
-0.004196	0.07662	7690.6	6000	3023	478	0	38	21.382	10.334	4.75	2.185	120.22	37.172	89	0	39.108	24.331	0.91999	0.88112	0.69706	0.23237	0.13249	444.11	727	4448	1447	79.553	-3023	3055.4	152	40	1	10	1	48.78	52.632	0	0	0	1
-0.033888	0.055249	41343	6000	2983	239	0	34	23.667	19.472	3.5862	2.7583	131.39	83.22	150	2	48.152	38.698	0.40973	0.55122	0.47295	0.17884	0.093369	611.14	781	4336	1589	87.735	-2983	3045	104	69	3	13	1	73.171	77.922	0	0	0	1
-0.0051955	0.032021	4487.9	6000	2964	381	0	34	38.933	29.711	7.1	4.4979	102.42	46.771	258	0	71.061	62.6	0.24973	0.36562	0.33112	0.093597	0.062314	405.56	1168	3380	2345	87.176	-2964	2991.6	213	121	5	18	1	66.667	78.947	0	0	0	1
0.007899	0.093552	12017	6000	2865	442	0	38	43.054	60.759	7.8	9.4769	71.73	27.399	680	0	90.108	125.23	1.7678	2.5201	0.83297	0.26224	0.15123	490.82	1593	2654	3334	75.395	-2865	2906.7	273	332	2	49	1	53.097	48.78	0	0	0	1
